X0,X1,X2,X3,X4,X5,X6,X7,X8,X9,X10,X11,X12,X13,X14,X15,X16,X17,X18,X19
4.844996707035626460e-01,7.663026975035101829e-02,-1.007219299264675350e+00,5.795518768442449176e-01,2.893457078881204847e+00,2.543878226238779128e+00,-1.080184572453172231e+00,3.431736296014032961e-01,-2.530044774753674730e+00,-1.564641006396663148e-01,1.551682469714192658e+00,1.622846040985037042e-01,-9.539643013813251526e-01,-3.631135561325610772e-01,-9.087345736342591351e-01,8.635168448851258116e-01,2.916409734758986794e+00,8.662681208600704341e-01,-9.143516135413602974e-01,-3.204926096752578335e-01
1.907331018646230281e-01,-3.139145638092482593e-01,-1.889617717618570225e-01,9.561794354681332764e-02,1.627053499454207686e-01,-1.167902180462451422e+00,1.187583726603058221e+00,-7.010203775064938192e-02,-3.700386387988986031e-02,1.705979614217229212e+00,-1.676554485170620890e+00,-3.156256780824572949e+00,-1.467994105759653944e+00,-2.177756744960119561e-01,-5.386496695732015949e-01,9.955212487230062912e-01,1.701059750678632909e+00,1.984519275159479790e-02,2.723593964366428227e-02,3.908154748045367111e-01
-2.459924270341981245e+00,-9.608847333289241011e-01,-1.160323672104740966e+00,-1.008722644153694503e+00,3.407522699619913165e-01,2.050651268901115376e+00,5.362264421280418247e-01,-2.373622221733961091e+00,2.209732239585057378e+00,6.914267717861199980e-01,1.184570574602164417e+00,-5.532806916876068293e+00,2.701377644845257553e-01,6.100578675443555365e-01,-1.298576817464441202e+00,4.778420476181112764e-01,1.354303462058107144e+00,5.671651921750064940e-01,1.424624831939877101e+00,1.511871706498816748e+00
-9.665152879975621447e-01,-4.296220424707389851e-01,-4.324621743287447861e-01,6.382674857883219310e-01,1.238496521262491434e+00,-1.064970408274398261e+00,4.672046570878491956e-01,-1.282449986720251012e-01,-2.079368222582660852e+00,-5.747872340704058836e-01,-3.513154412450295583e-01,1.073961840254205269e+00,3.854234462375398795e-01,-4.685638101031784353e-01,1.439537223414141032e+00,-1.413463455939406144e+00,2.902054019514699323e-01,-8.430938797221976255e-02,-9.666085750928823939e-02,-7.324722436837648454e-01
-5.638372447222695927e-01,1.904084938911228611e-02,-1.162595305862960116e+00,2.609313586685167441e-01,-4.954674477947212941e-01,-1.646236804880985449e+00,-7.138051339091235903e-01,3.011627665001840093e+00,1.348238924530735128e+00,1.578923816362395538e+00,1.073885799158540433e-01,-4.123600430389566807e-01,-1.624732217785565425e+00,-4.362049900078763809e-01,5.860367983759537380e-02,-1.303091240366805348e+00,1.780349334587425059e+00,2.455058306332421614e-01,-3.679632937337110055e-01,-6.993166772157629607e-01
1.510240937183482401e-01,3.269961038014343457e-01,-2.875146967440161405e-01,-8.900825948269369681e-01,-1.586175087927117699e+00,-3.212425681643025221e+00,5.848533561171231909e-02,2.081659681087672631e+00,2.210147301426048649e+00,-1.015877235022048186e+00,5.430589639190629425e-01,3.475301775851444841e+00,3.689166617273788584e-01,7.965201001588997354e-01,9.896771446511556380e-01,-2.872862212097408552e+00,4.429878309288740601e-01,-7.491458592173771969e-02,8.614476127466673683e-01,-2.029708151762354085e+00
1.135047748065650008e+00,-1.647242803486431151e-01,6.096454255023200375e-01,-1.732848036636714717e+00,-2.643363225241676107e-01,3.194235448170146263e+00,-2.691825969115494432e-01,-1.469760763255816283e+00,3.732667198681355991e+00,1.297146774819376347e+00,-5.614089805532307409e-02,-4.721770879415762678e+00,7.954234946687581409e-02,-4.499181292986808023e-01,-5.757884681997599285e-01,-5.613107774442364084e-01,6.938652144720225401e-01,1.021472356062639308e-01,1.455939859100576106e+00,-2.162541698656696987e+00
1.949538972472808940e+00,-2.251639145541308729e+00,-3.281542475905108724e-01,5.610194065264062502e-01,6.390600282018086276e-01,5.260712036975315087e+00,-8.453838525260518599e-01,-7.125528856768304387e+00,1.339760812158482750e+00,3.605897103331706099e-01,-2.514680607039764815e-01,-6.176312704347151517e+00,3.404053593307581060e+00,-1.030529945895254818e+00,-1.643590538266435308e+00,-1.049107065187891541e+00,-4.956801899923911847e+00,-5.628048765023874189e-01,4.194143896737786981e-01,-4.180207836483140760e-01
-1.192980445621957486e+00,-1.525174883641765344e+00,-1.165689840734542404e+00,-7.785169038450185930e-01,3.247847515959803033e-01,8.521070159679291489e-01,1.064332425212171085e+00,-1.699826246767027316e+00,2.764014939238149893e+00,-2.324581091465802718e+00,-1.685364317059829808e-01,-2.861252205399461790e+00,-5.203800178064414972e-01,-4.245367242849131806e-01,-1.465709367296143428e+00,-5.037532147630259249e-01,2.036707842627288656e+00,-1.065130389257681554e+00,1.495182850116054452e+00,-1.740688715035200840e+00
-6.220750832012567066e-02,-3.390767849230416631e-02,-4.738435497641299565e-01,1.417872511255744206e+00,4.639803840324380202e-01,2.368929325756754967e+00,2.110048336515527589e-01,-2.593065352506398469e+00,-6.849362493983851552e-01,7.561226890547662061e-01,5.087851038361271838e-01,-2.612518307440693910e+00,2.586283716344507932e-01,2.115964869772236634e-01,-1.440357502442926263e+00,3.200861571051118459e-01,4.871708099261873315e-02,5.414734941007175451e-01,-5.781547884114486280e-01,4.398822813392766484e-03
-1.550651862115747459e+00,8.834826164597284759e-01,-1.565020866807121491e+00,-2.178799640170118845e+00,1.433973745886837570e+00,-2.246210775907123924e+00,1.669693143439354266e+00,2.610115120764284313e+00,1.251906536930397440e+00,8.713693967405468088e-01,4.026898093465752781e-01,-4.739795136723545799e-01,-5.226486132960486142e-01,-1.147046200202702648e+00,9.261393541480195113e-01,9.663436193320361633e-01,6.626149922274078286e-01,-9.188331027900079606e-01,1.712453884589041575e+00,2.716971187586639580e+00
4.629949800722119591e-01,-1.893841547013770166e+00,1.694593808513228383e+00,2.566109069194482117e+00,4.573157887169145841e-01,1.235486909682487200e+00,-2.628767896658484648e+00,-3.303477453892337268e-01,-4.678825832371823701e+00,9.652595361687819064e-01,-2.765697198828060088e+00,-1.423702910222413021e+00,3.231954180153071565e-01,3.356728418156508242e-01,4.377572843220049470e-01,-1.124830907765947741e+00,7.462291318680174257e-01,1.850743955710089761e+00,-3.807660756263510748e+00,-2.653745735061915134e+00
-6.337743136304986591e-02,-1.754120630584358631e+00,7.704538726443287411e-01,8.030491140472795220e-01,2.906535760606721031e-02,-2.174208338508018201e+00,1.129042304392483542e-01,6.999618054691123525e-01,5.778846236563508487e-01,-3.121716529286179820e-01,-2.693770577955619139e+00,-1.173466840841406622e+00,5.032798811297649610e-01,-3.797435595562801414e-01,2.035719968314734007e+00,5.257950537748820596e-02,-1.456933965558054656e+00,-8.628955337742351128e-01,2.242504902425986879e-01,6.985417391892145833e-01
3.867217266829703903e-01,-7.914340596308585551e-01,4.993100354141221109e-01,-3.735538320219519148e-01,3.754428996412938480e-01,7.933003336114898829e-01,-2.695403383871178171e+00,8.150731534077179097e-01,-1.713936367388648740e+00,-9.149070472167264434e-01,-3.163441984143553487e+00,1.462199473163926289e+00,-9.420700068526399740e-01,1.393893253914509245e+00,1.195987676288434304e-01,-5.520552812809591536e-01,2.039256205022037083e+00,1.532626792755013678e+00,-7.576617605000606215e-01,-1.700784754528511744e+00
1.862449860934689116e+00,1.356137123157175495e+00,-7.080774530905099562e-01,2.479221879171561227e+00,-2.480070158964771676e-01,1.886405385852813144e+00,-4.027537280893657368e+00,1.169187678894561655e+00,-2.984627481422430506e+00,1.248155216935201706e+00,-9.471634552583352296e-02,1.211538678934990898e+00,-1.857766213899416652e+00,4.617501578643394035e-03,2.836789913154925680e-01,-5.061575771926870582e-01,1.162953558649646224e+00,1.548540392499400342e+00,-2.463421519799475767e+00,1.257384047437672736e+00
-4.813257408642295232e-01,2.886777983993540353e-01,-9.881340340637432273e-01,1.024686366505254576e+00,8.350774246069712081e-01,3.613777043857857585e-01,3.042652466346528195e-01,9.568220993442941857e-01,-1.305178272412516272e+00,-5.823063595821178495e-01,3.465124811536381522e+00,2.388059763397101687e+00,-4.519379016028030049e-01,-1.170227570325296507e-01,1.262749965472828029e+00,-8.643246099665315985e-01,8.119836150125125940e-01,5.273714070922483343e-02,-8.105156043597177007e-01,-6.234998720151306850e-01
2.924668378766290822e+00,1.345986363822070098e-01,-2.656794817984612853e-02,1.878936621287785158e+00,-1.832882401495843361e+00,3.217745125699296604e+00,-4.976922263663295709e+00,-1.640768114755934093e+00,-6.263464217919025856e-01,1.089449527999490241e+00,-1.357911472230496353e-01,-2.002205417131492915e+00,3.963233216896415723e-01,1.734449087547569102e+00,1.987430777483913946e-01,-5.981070346793747605e-01,6.412817451742669483e-02,1.990703446387723119e+00,-2.590438304309761186e+00,1.267477031839503665e+00
2.241155739918443857e+00,5.765169536294242336e-01,-9.950673434689139008e-01,2.566596027426110371e+00,8.986793135859643122e-01,1.775082705064477739e+00,-2.989002839969008285e+00,1.138664759388799519e+00,-5.164650095623005477e+00,1.854003212477868701e+00,-1.557903956643539312e-01,3.010509861987451075e+00,1.979816072334259491e-01,5.350787814588947588e-01,1.306089020538806933e+00,1.118508665544299813e-01,2.079383184619351121e-01,1.957595399267837433e+00,-2.811946947561979826e+00,2.100363361965457976e-01
1.615847588532733248e+00,1.471733167155679478e+00,-1.039903312232473231e+00,2.757036933014683555e+00,1.880884776595962982e-01,-2.311562378371655235e+00,-3.487278420876732898e+00,4.176827143232584305e+00,-2.442194092455314269e+00,1.331244915600950707e+00,2.460182586554440221e-01,1.429364255351110113e+00,-3.082713823066230319e+00,1.193242623538073088e+00,-1.545877521969475366e+00,-7.282059628226780212e-01,5.414505815509061293e+00,2.063800503188883528e+00,-2.470233953710545549e+00,-2.368697850616856004e-01
2.561354899034677501e+00,-2.629563244208573902e+00,-2.602302761625787664e-01,3.681073274602260526e+00,8.471041396082891195e-01,8.075811322131633219e+00,-4.004751145278794056e+00,-7.002237227119592511e+00,-1.185798950287298537e+00,-2.019784477993837868e+00,-1.426766272359220267e+00,-7.362081231295896089e+00,3.785999581169005701e+00,6.782852451761181012e-01,-6.967352850996751945e-01,-4.967071339085791792e-01,-4.550576362260584595e+00,-2.205803050495008799e-01,-1.218084685943127798e+00,-5.348731501224394114e-01
-1.997357109226520322e+00,6.655536823261812840e-01,1.370465235185516772e-01,-4.924120150606473012e-01,-2.345471436884899452e-02,-4.312573477225287277e+00,2.314829788723007375e-01,2.860565596296053226e+00,9.321729824933063790e-01,-1.046896891807633345e+00,1.350550864277009655e+00,1.928783730044743017e+00,-1.758023770313570378e+00,2.619760513337205943e-01,4.654357952912459573e-01,8.620275759581073893e-02,1.536270027058861398e+00,-4.696621239189863739e-01,9.834511493812204685e-01,2.767829549417941126e-01
-1.783271334911178396e+00,-9.490394129456551919e-01,1.600295862007345304e+00,2.701198856400768289e-01,-9.205638278939412000e-01,-2.145667355443186430e+00,1.731350091530843072e+00,7.080045400682394297e-01,4.276208879249868033e+00,-4.202466155335633502e-01,-1.443105005119250661e+00,-1.523667686643237928e+00,8.555411011120647169e-01,-1.398243179642153056e+00,6.806479687817128532e-01,2.058623941465867191e-01,-1.028202381351586814e+00,-1.431046220702326455e+00,1.632710071877666147e+00,-1.037021179054102404e+00
6.268727873480142154e-01,-1.477149638984244895e+00,-5.044890302385646869e-02,-1.665993312136382798e+00,-6.579094906543824228e-01,2.825766005388625324e+00,5.809664658356664679e-01,-4.384567796750665991e+00,2.208886037640011679e+00,3.093653332126302669e-01,-1.662328097932926907e+00,-2.709978450234288516e+00,1.535933900695611865e+00,3.017957447991213571e-01,-4.513612664959049114e-01,-7.089917275236601313e-01,-2.351024359330715630e+00,6.840613330391615010e-02,1.430470645733721513e+00,-5.402644619310653651e-01
-2.687100102542545166e+00,4.098388626129487872e-02,-1.146968833828621026e+00,-2.035583392086522281e+00,1.556548423569425132e+00,-3.404919330014382517e+00,4.106035848370960473e+00,4.930971534100181408e-01,3.053233701344616469e-01,-1.477099181436777875e-02,1.131896017969109325e+00,1.969046380813963104e+00,1.510213682852602213e-01,7.799691813129418227e-02,-5.003690603618536903e-01,1.195920376968344856e+00,-1.554995137324426679e-01,-2.678178112904961994e-01,1.435778804252296093e+00,2.378920787334262155e-01
-1.042375054141267299e+00,6.119603797635447817e-01,-7.999088917404050258e-01,-1.126752034887798515e-01,8.085414077811818867e-01,-2.474626644649865703e+00,2.378439738382325697e+00,1.834796334548357111e+00,3.366879430251315530e-01,1.288120797295059239e-01,3.569622468127562342e-01,1.896283502274851429e+00,-1.391294621703643042e+00,-4.119516238312335155e-01,-2.903646777063146889e-01,-6.072450534233220232e-01,1.702743506358060266e+00,-1.241429770771608876e+00,9.368981369422576533e-01,1.443680718124162876e-02
3.100636224205931324e+00,-5.923434350227121947e-02,-8.460246434939564658e-03,3.956728335788941120e+00,6.885812868663632180e-02,4.466932090650030496e+00,-6.420279606895208602e+00,-8.949284958692470537e-01,-5.667598136764786076e+00,-2.035957651356239406e-01,-3.104079616209763914e-01,1.953362925856987342e-01,-5.333962145845096842e-02,9.294322974259271453e-01,-7.063490394437724751e-01,8.388170960989047575e-01,2.368948242751828803e-01,1.564391594076612435e+00,-4.009078558399094661e+00,-1.012735233414221669e+00
3.510382456476919710e+00,1.078028365749846618e+00,1.387359713834954045e+00,2.558376803498945584e+00,-4.222182938033395283e-01,3.121067644780747052e+00,-7.015601524147598411e+00,2.236855621727545262e+00,-5.576586099048430611e+00,3.183409354513676348e+00,-1.990974489600962460e+00,4.006824952797826356e+00,-1.482540103532860032e-01,2.074604622605443538e+00,1.698956759724861376e+00,1.184741622446250642e-01,1.309342162504495644e+00,2.559696192570408702e+00,-3.922931529264368056e+00,2.290271702422963518e-01
-8.114948745238378391e-01,-1.077531320748971455e-01,7.869948720991573055e-01,-4.355363546423747234e-01,4.729357993235550062e-02,-1.267438115561798417e+00,3.558954627538930993e+00,3.988805291555042043e-02,3.173397102319943652e+00,-5.626014305395191650e-01,-9.388101072867004460e-01,-2.403514423160485247e+00,-4.261784872434432048e-01,3.151085393359663867e-01,-1.248935197283464582e+00,2.607563825967793014e-01,1.768560971806910631e-01,-1.022950420900696766e+00,2.316478711130565138e+00,1.695813700097510868e+00
-1.574403070602694577e-01,-1.371816142950580630e+00,1.746631610397736845e+00,3.459414642300084886e-02,1.596021284608639679e-01,2.736913618180142116e+00,-1.049571913275691104e+00,-1.597839566272078571e+00,6.181134798848286760e-01,-1.900039211625081936e+00,-9.565473609487882278e-01,-2.013200417563502320e+00,1.200654713784519156e+00,-6.091685097291704015e-02,-6.825889732737702720e-02,-2.157211842754571118e-01,-5.212366268158146188e-01,-3.989270393246396873e-01,-8.241392630746846582e-02,-7.494774549907319283e-01
4.214753022669970317e-01,9.816596109100820255e-01,1.350821508869671339e+00,-1.006900045996050430e+00,-1.316870946284901311e+00,-6.227196573968849513e-01,5.177984333272772632e-02,1.138473704942364328e+00,3.085524794233204027e+00,6.722857220246141186e-01,2.818720591534178421e-01,-1.427117528017775028e+00,-9.888789090207659171e-01,-6.757843732847926277e-02,1.094902662354725192e-01,-5.554254074312586775e-01,2.454355621422303457e+00,-1.304503805357419277e-01,3.995217962331877315e-01,1.427726188973164501e+00
1.796435979214678458e+00,-9.176781180927384707e-01,6.046001887736400793e-01,1.650176252420497036e+00,8.502718761315086748e-03,2.749166933463192741e+00,-3.138087001584384250e+00,-1.378377968524153729e+00,-1.060856796351443698e+00,3.379574390973850706e-01,-1.967382409565954782e-01,-7.109767262701920387e-01,1.540049625522502907e+00,9.396950240972402613e-01,1.019805969721412076e-01,1.043087816288707087e-01,-1.911263113611248343e+00,1.647294349549265791e+00,-1.749894926982439536e+00,-2.557580065464468699e-01
-3.656235601272896929e+00,-1.993708665906000155e+00,9.404634257321771162e-01,-2.522633226665496053e-01,-4.812190640603996039e-01,-1.767795751532927229e+00,4.163386218823212914e+00,-1.083188266592495674e+00,2.758301845830962495e+00,-1.024826251676374866e+00,-6.919164411339694398e-01,-6.825486876947782555e+00,-2.687573216049041758e-01,-1.225984172749164047e+00,-3.412367790353398878e-01,1.916729293718147487e+00,9.777116867200308370e-01,-3.188251477188397409e-01,2.101929716219012256e+00,1.076397801916122443e+00
2.793230833546620939e+00,3.086348397790681930e-01,-5.393562696022342617e-01,2.170275014775667088e+00,3.001073425388453675e+00,3.874405320844398926e+00,-3.223163163214119997e+00,-2.473964587769366119e+00,-5.416576915093064493e+00,-1.493446539690629904e-01,-6.092848549813423276e-01,8.802403388840840393e-02,-5.214104485880067807e-01,2.048584675565803537e-01,-1.761512084882424833e+00,-1.047471015009394879e+00,1.177190849904993453e+00,4.969597112180135223e-01,-2.296417100271222367e+00,-1.722697193870964982e+00
-2.462767060150472531e+00,-7.954926351379842941e-01,5.173792104523569080e-01,-1.017509807726224569e+00,-5.539332939364308706e-01,-4.005005718929375291e-01,2.897790127052195075e+00,-2.559242062245046245e-01,1.903614479502049539e+00,-5.593830814854575673e-01,1.899518073820055664e-02,-4.867262631934444528e+00,-1.337385647140476141e+00,-3.283631151915062385e-01,-6.330748144246400866e-01,8.712142742299058273e-01,1.385865664533554975e+00,7.990581421771945081e-01,7.518387659494991659e-01,6.675569586181669957e-01
8.528422280455585369e-01,2.634644402193671575e-01,-7.301322705508672684e-01,3.542566910358624366e-02,5.646976565564488793e-01,1.644455640193813073e+00,-1.216838504927012066e+00,-9.025617972148112234e-01,7.865364313320433176e-02,-4.298843072657331232e-01,-2.929916526243081520e-03,-1.452944852185764635e+00,-4.240908255528003101e-01,2.762299651163965253e-01,-8.375805700077971760e-01,-2.680403886283136417e-01,1.195366614142128858e+00,1.231509184836370729e-01,-5.076809132560093918e-01,-8.036726153618545254e-01
1.936452889383915910e+00,-1.258354654261245376e+00,-7.868346677074268269e-01,2.197180222793329030e+00,9.803683962056889412e-01,9.547830746735723295e+00,-5.628251164912041915e+00,-5.619816415138544130e+00,-4.158961276601903734e+00,8.109522388158469930e-01,-4.692951136998669837e-01,-2.619895391274000396e+00,2.548752419157013449e+00,1.456353942186559225e+00,-1.415769076825682982e+00,2.595374445796330143e-01,-2.586485141905125573e+00,1.685106021214257455e+00,-3.273436984983697506e+00,-1.992519122427546696e+00
-9.866486985627568318e-01,-8.735887029755194932e-01,9.017035260126435858e-01,-1.059082853156031678e+00,-1.148063098441113095e+00,-1.113905004441782420e+00,1.744138502696756410e+00,-2.030915521046439132e-01,7.251404570191728460e-01,1.001558359979866308e+00,-2.826549875644739362e+00,9.252231087831130907e-02,2.173690861737345603e+00,6.310807128608511007e-01,1.794110694054497745e+00,5.529519841712311479e-01,-2.539474171437829497e+00,-1.966036760191742783e-01,9.474802064404933000e-02,-7.283865326659907380e-01
-3.741806082488620788e+00,1.921380573858074425e-01,-5.256278437133117265e-01,-5.406601881654993669e+00,1.396592745110692146e-01,-5.716887546422643851e+00,7.482184136913746286e+00,4.660978232114819653e-01,7.058765542706190388e+00,-1.979816759976460450e+00,3.089752311536357876e-01,-4.721895553415559554e+00,-6.225138327095014468e-01,-1.559732846059475486e+00,-7.573235887423499513e-01,1.040210926450939377e+00,2.599725369623501425e+00,-2.711680366379971563e+00,5.859500316936689046e+00,1.250108029551094013e+00
-3.773109159804615143e-01,-1.776464991328691845e+00,2.043100659468916724e+00,-2.508403243252567694e-01,-1.268564877699748905e+00,3.522051238553064678e+00,2.555020445186971245e-01,-5.614822452704703259e+00,3.286458052037177224e-01,-3.994744778048648914e-01,-1.039012141678823831e+00,-6.007805836621479045e+00,3.320932599692170584e+00,-7.776345917374903605e-02,-1.561448205673662826e-01,-2.455028435786294483e-01,-4.048769853553198850e+00,5.478668899390146674e-01,-5.068750878086737410e-01,2.482065293344918600e-01
9.789740356942294719e-01,-5.478725230939622826e-01,-2.240870303315124490e-01,-1.053988008387873210e+00,1.186629850872393144e+00,-4.051703586360285159e-01,-7.530769285386381684e-01,1.059668115327772941e+00,-3.043334528503479408e+00,7.712230456481794505e-01,4.766103784376726771e-02,4.908939356836320655e+00,5.934492915259620416e-01,1.689776647740939275e+00,2.343648694284989009e+00,6.978122018226436962e-01,7.832226261534980249e-02,1.023606544600569324e+00,-5.624194902436248089e-01,8.377193203480628458e-01
-2.454715329913596644e+00,-1.206474187972075951e+00,4.768003333407042632e-01,-3.958756233442827455e+00,1.083839318138896113e+00,4.005525284454358292e+00,2.781263842622311966e+00,-3.921499902620519507e+00,2.455892605988923449e+00,-1.811842677797198542e+00,-7.326904405188829905e-01,-1.067290341520816144e+00,2.047835230172101895e+00,-2.128757739007126060e-01,2.149591144688426103e-01,-1.772280454951201900e+00,-3.684628441599601345e+00,-1.791254724542138854e+00,3.659402798999490170e+00,-8.484947476498563290e-01
2.816273289649321221e+00,6.922831664243964678e-01,-1.653657630557336056e+00,2.263291444561232879e+00,1.184087429091799093e+00,3.627646990513894831e+00,-4.425847978550043749e+00,-4.500858241046196140e-01,-4.082176970924841442e+00,3.346412542297045878e+00,2.418766075356208134e+00,2.633495572845136579e+00,1.003733343982313730e+00,7.508586981389328008e-01,1.131457397866095116e+00,-1.863169581503245853e+00,-6.727008255759384658e-01,1.646109210931530509e+00,-2.329195199720726972e+00,-4.850016381248969388e-01
1.530138144434931569e-01,2.438155691893435228e-01,-5.051505754146263794e-01,-2.663837432177508457e+00,1.937978627385955166e+00,-2.142820120638978310e+00,1.727914863804845602e+00,-2.146338550153920055e-02,-3.916708345158026461e-02,-1.120584225061389105e+00,2.254296224321438391e+00,2.224342440940176857e+00,1.118761394824189515e-01,-1.677239829167225027e+00,2.960500124133705890e-01,-6.159941412125694710e-02,-1.342510321570766330e+00,-1.934160135193370156e+00,2.778870647747402334e+00,-7.647413464481312984e-01
-1.456448590877029714e+00,-3.797168338671264021e-01,-1.515217827416982299e+00,-7.242603950898041099e-01,4.417535565950735377e-01,-3.472780450627523940e+00,3.355453515562058620e+00,3.056502461852224517e+00,2.468791895505846323e+00,-1.233214780942304412e+00,2.674094556753534579e-01,-1.725437989336658928e-02,-1.498446204859895214e+00,-1.412894284138396905e+00,4.592417345101171278e-01,9.559992835302897340e-01,8.915305438301581731e-01,-1.396362445663363427e+00,2.207306400548683545e+00,1.010307283016428581e+00
-8.314566825109800385e-01,1.238251344233634699e+00,3.771690895158517215e-02,-1.982729484214227567e+00,-5.228818253691808193e-01,5.003286798878822661e-02,2.459387971261520089e+00,-1.391118848210733505e+00,3.476974254192481517e+00,-2.928046130748007680e+00,1.623043675993619983e+00,-1.613702309758529019e+00,2.592924821981843486e-01,-6.517315189449768287e-01,-2.481536398230282381e-01,-5.477216498671916289e-01,-5.818450588792003497e-01,-7.825206148418315522e-01,1.676399559046341858e+00,-1.575585603510166299e+00
9.700242290205578488e-01,1.529998267230586739e+00,1.483926633505575410e+00,2.015319519369708878e+00,-1.275918524425541101e-01,-6.592788639507516368e-01,-7.367341764703012608e-01,2.684613554514908351e+00,-2.432247723663965466e+00,3.135273741445530504e+00,-1.011483947061691424e+00,2.689479740734697533e+00,-2.103635699208134202e+00,-4.817481123475431115e-02,1.411997740258447431e-01,1.156855674598479822e-01,1.871065914340479752e+00,1.060860230680428673e+00,-1.362227846083708505e+00,2.546946785076605324e-01
4.556129261353969007e+00,9.261748195095923508e-01,-1.607821056219938205e+00,6.493991359249111639e+00,8.788337317191918796e-02,8.106441275415534609e-01,-6.374640144894096139e+00,3.308511058059166565e+00,-6.656483778322905387e+00,1.651709452193654393e+00,1.574040853531589290e+00,6.733604869454551611e+00,-6.986245023739324767e-01,2.102198778652867528e+00,-2.463215131979503425e-01,-6.325043705894409785e-01,-5.159158984649788726e-01,3.012554971783796720e+00,-4.794627602356938745e+00,-1.047214539235853170e+00
-3.378715279092050494e-01,-1.426038712473369996e+00,-2.057536366446447218e+00,-2.759285500192885099e+00,1.270733652198759556e+00,3.446514665695092905e-01,8.819733116386330174e-01,-3.430811321907484279e-01,3.509801389743017808e+00,-7.491492163519443137e-01,1.902711466995014922e+00,-7.628768935330172418e-01,4.826857615824519110e-01,-1.118052218017114852e+00,-4.861865522640658743e-01,-1.155094793061146152e+00,2.668743056059168506e-01,-1.743063755497780143e+00,2.222916113791426618e+00,-2.328052095955174039e+00
1.655020181744029095e+00,-1.349663672057310970e+00,1.049263982524608618e+00,-5.276072435826278939e-01,-1.072580839593066049e+00,5.378430235523622649e+00,-2.697035613274349597e+00,-3.934926595613593481e+00,-1.479651138560088341e+00,3.313926952337534981e+00,-1.065124611470200655e+00,-5.017284696657471343e+00,7.031976392066210391e-01,-1.562433234539681304e-01,-1.711847515021268418e+00,-2.577359417888079318e-01,-3.566330056415533134e-01,1.400713042629370353e+00,-8.596252309535137304e-01,-7.943907797571194696e-01
-8.453398021475941881e-01,3.318690326309677863e-01,1.090509505467249118e+00,-4.075138932154082072e-01,-4.319272963519021347e-01,1.595514625838800660e+00,7.010367346050121462e-01,-1.235818107102303998e+00,-1.140409224967628088e+00,9.698031915977249895e-01,-1.119839311876738019e+00,-7.599151724199524338e-01,2.928449811614171061e-01,-3.162545225105159452e-01,-6.887855132840029482e-01,-9.711129250940879754e-01,4.473753058133838612e-01,3.977253644561248858e-01,-4.612766393756194128e-01,9.830351963685324268e-02
8.675403597532671540e-01,5.622822345290965362e-01,8.644583812545741930e-01,-2.040554256770710229e-02,-1.593484187341590586e-01,1.023390440426109604e+00,-1.262790412992706335e+00,-2.215302277889172000e+00,-1.027992372360885698e+00,1.511725046629608382e+00,-6.046051117296814548e-01,-3.069985303697919665e+00,1.455828463458184174e+00,7.010637909954994251e-01,9.003815854110567285e-01,1.872474325533892703e-01,-2.114360624895884833e+00,1.583248819941596164e+00,-6.714368438426236985e-01,2.543481310118022698e+00
-2.825948682680475166e+00,5.138091238856510312e-01,-5.948290751666154286e-01,-2.863106770178962091e+00,-1.126420683910244858e+00,-5.015919715675739354e+00,4.702550323119417897e+00,-1.958076453831818498e-01,5.439272007319445379e+00,-1.667988654089699319e+00,2.291506222554452465e-01,-1.960758697181374188e+00,-6.027477811544407205e-01,-1.623603768018845317e+00,-2.948738361545869546e-01,-6.532803870755949927e-01,1.575138143785136169e+00,-2.625713234875513891e+00,2.873887832035370238e+00,1.734925263662977502e-01
1.840981408975050249e+00,5.683153103026893360e-01,-1.050942615250495121e-01,2.041924971816807766e+00,2.069213905771891682e-01,-1.460993763858198902e+00,-2.509666033407108365e+00,1.685014559564559811e+00,-4.200038153393686358e+00,1.901696786953818386e+00,5.479857812039258258e-01,1.308431764346914772e+00,-2.897986219640216743e-01,5.906983321844547774e-01,5.273624554287894561e-01,-4.593051243145810925e-01,6.644947451223108814e-01,1.751906297336573326e+00,-2.520693290303821943e+00,5.801946873942230853e-01
-2.154785946300426414e+00,8.990538905445815132e-01,1.008976499458797693e-01,7.647079750789088637e-01,-1.057722252221589831e-01,-3.652015423910096814e+00,1.864094726013243664e+00,1.782378404727578580e+00,3.085563939300816294e+00,2.527001014064983453e-01,7.722474184425787147e-03,3.327391555309976656e+00,-7.316387174568454999e-01,8.654271780503777212e-01,-1.094586430589411519e-01,8.131402030861644148e-01,8.010893578169967499e-01,-4.182618705669973735e-01,-1.889193197987518724e-01,-2.525800357457618217e-01
1.712931442205741783e+00,-6.021173200873752851e-01,7.993655460039986727e-01,1.275880338111463619e+00,1.921157540720993540e-01,-1.702084731754878177e+00,-2.080144281396683503e+00,8.668676111334486789e-01,-4.376019550203947617e+00,8.190274486784837604e-01,1.593446545977956319e+00,3.259112928043207624e+00,1.842592262308469397e+00,1.115730782816077182e+00,2.738283206129923375e+00,-1.289007968463947051e+00,-6.527551480866204958e-01,1.523012268730268515e+00,-2.140654146891023402e+00,-9.271298963309793084e-01
-8.798391168865966616e-01,-7.448215427536509781e-01,2.097216629598586124e+00,-9.083383095682778796e-01,-7.052282777171456907e-01,2.438337100683005243e+00,1.107035471497135770e+00,-3.324179964014120081e+00,1.090920913269460168e+00,9.438673442700862282e-01,-1.384043616308158864e+00,-3.970910395526110470e+00,1.003057897390085662e+00,-2.088939645636001430e+00,-1.654428892537614271e+00,-1.300830220452950714e+00,-8.124406030439295101e-01,-1.357931416280076187e+00,1.278029235217327475e+00,3.522810846410870944e-01
4.403613631692410157e-01,-1.380845786748177595e+00,-5.254496450769060439e-02,1.674036274772837452e+00,-1.454298422493948584e+00,4.950855940816780709e+00,-2.387541717456850510e+00,-4.124588705680622525e+00,-1.799044918423815975e+00,-2.825199145885084473e-01,-1.071818667131608116e+00,-3.943515970612065935e+00,2.534456462554258493e+00,-2.436695026321744062e-01,5.205925272543199256e-02,-3.155025149911843130e-01,-2.642388658413193703e+00,1.155860651764443858e+00,-1.791456244156013122e+00,2.129296450052780898e+00
2.406533822265756850e+00,-1.013440316921609075e+00,1.876677986486246785e-01,3.039455762812171447e+00,-4.831555545106045457e-01,-1.040311926306496382e-01,-3.733449285812493912e+00,-8.793203697103457728e-02,-2.644479195660172088e+00,-6.171690053880585225e-01,-2.113133574839106910e+00,9.419289031805380130e-01,3.057150705317105421e-01,9.490724729358361866e-01,-4.968466433944023763e-01,-3.107853009392236854e-01,1.011226205932022948e+00,4.550785428896664264e-01,-2.683265368358919378e+00,2.672110229336257969e+00
3.171630520689117994e+00,2.282791122585138832e-01,5.688957672853847125e-01,2.564388137861078665e+00,-2.402955186917828945e-01,7.950421002181464747e-01,-4.508110821336080321e+00,8.149033493734753053e-01,-1.727294057478578226e+00,1.285787296017548265e+00,-1.188146807284403028e+00,8.281171097070316733e-01,-4.194031035290965437e-02,-6.556978040899308358e-01,-5.794760588252133582e-01,9.007622652189989365e-02,-8.099192503136807275e-01,9.571601307646395718e-01,-1.581346291818924943e+00,-1.038180461821256007e+00
2.229997684105669897e+00,-4.941798499302216818e-01,1.547336356274597646e+00,1.469174364162734392e+00,-9.748485321698980854e-01,-2.156158247521951843e+00,-2.559358052123977600e+00,3.292865413202237690e+00,-1.676456231109818562e+00,-1.795003876475779636e+00,-1.355155538601051646e+00,2.582426344807789320e+00,-1.503089419262834348e+00,9.300413958422620864e-01,9.241732426582550675e-01,8.241923959794339449e-01,2.751678942387627114e+00,2.735961011234245843e-01,-2.006274324680942911e+00,4.491137050025387767e-01
3.537552418079908279e+00,4.162789643741121037e-01,1.291584156800364536e+00,3.871546709761586325e+00,-9.587864701516168875e-01,4.262755112259477563e+00,-6.570711933378803771e+00,-1.720963927509036928e+00,-6.751929416503794634e+00,1.073958317539301266e+00,-2.019893714645474514e+00,-1.636236254890204966e+00,-9.418010632167653773e-01,2.478295950881770793e+00,-9.430809313659730408e-01,-5.145178249594837272e-01,1.529449053065773168e+00,3.382611848938193333e+00,-4.655433608051481542e+00,1.052390723440383313e+00
-1.557839603847901211e+00,-2.725471542118587998e+00,1.167242050010931509e+00,1.162840672388354868e+00,2.571708964242174211e-01,4.709913020651317339e+00,-2.708045554256237608e-01,-5.877150004448968623e+00,5.878620251907080707e-01,-1.331826736762219632e+00,-8.235122591045179741e-01,-5.391790985237972400e+00,2.992763732733339399e+00,-1.170074131407030205e+00,-6.213947838421283176e-01,-4.002849989960833854e-01,-3.961829551391986559e+00,-1.551583230806431235e+00,2.701539198324578450e-01,-4.954700861890630748e-01
-9.705782168127252696e-02,-9.061748680589887250e-01,-4.106442915505875701e-01,2.239363668858876277e+00,-1.386050186118816807e+00,2.925617102872822617e+00,-1.079005324602205995e+00,-3.427830624468013010e+00,-1.635761403864650854e+00,1.669089549601286304e+00,-1.847289513109170445e-01,-1.257784161791316579e-01,1.803455713818138406e+00,8.756970098287097937e-01,-2.466798747490505372e-01,-5.970095821247345391e-01,-4.488007784577987991e+00,1.459787864172636063e+00,-2.409063085651164116e+00,-2.727777401802903956e+00
-9.422205790472046871e-01,-5.166482396998558491e-01,1.788928274457096013e+00,-1.413497666212762960e-01,1.364970206333950831e+00,-2.412207009797184831e+00,3.457354629003763336e+00,9.435643006470697536e-01,-4.472452722988609075e-01,-1.209791448409173853e+00,-1.744116833172169700e+00,2.075320770848180896e+00,-2.752436282586268601e-01,-1.292100071464557409e+00,1.374630796807085220e+00,5.748173648516217149e-01,1.029375712425232958e+00,-1.937578459650555418e+00,1.479886356103245371e+00,8.538249774261258418e-02
-7.426434546697133765e-01,1.408848805482498134e+00,1.016670956594260683e-01,-1.590764377518567807e+00,1.116009282274708525e+00,-2.506327398729022438e+00,1.455207858485786154e+00,3.228204480951279542e+00,9.903022851703358054e-01,-1.899001932623051170e-02,-1.128995240805924644e-01,1.792898568251521496e+00,-1.867786538306842159e+00,2.539894129039482751e-01,-1.022551387749957241e+00,5.189506733017331674e-01,1.050882696228109259e+00,2.859884866428377137e-01,1.158181365605724711e+00,6.304765580308911987e-01
-1.001780487333202158e-01,-2.652752242034643437e+00,-1.316809596417723549e+00,1.221716690754686141e+00,7.939310482492163423e-01,2.100091451203507376e+00,1.502998699557936968e-01,-3.127348511814838083e+00,-3.138216547826367941e-01,2.171984060977484587e-01,-1.145933459736422799e+00,-3.649698387236679942e+00,2.505318916327678558e+00,-5.586894092261619066e-02,-6.434027573064505789e-01,5.005662598447380152e-01,-3.467011741437361128e+00,1.220450090819401451e-01,2.692390773744918198e-03,-2.048665516575462142e+00
2.724314145372961793e+00,-2.037253147930258912e+00,1.318421777273420359e+00,4.176230151987573080e+00,-5.681522261932583362e-01,4.619826680772810334e+00,-5.487054149355371280e+00,4.516789674944790001e-01,-6.716085802695617168e+00,2.603663930376207247e+00,7.166754086542832525e-01,1.265696128435441326e+00,2.604907154033126560e+00,1.297792029000294001e+00,2.082742002241549706e+00,1.553050520987897254e-01,-3.967854725321361631e+00,2.914694796782802744e+00,-4.702990187624250140e+00,-1.206234007088566595e-01
5.421479987137318712e-01,1.404360041877493082e+00,3.165402442889209689e-01,1.246619903711719601e+00,-1.708380241916906517e+00,6.618901190892295894e+00,-4.022029488680919584e+00,-2.712460654226793277e+00,-3.732756435129989558e+00,1.847022212967270427e+00,-1.577892324467919494e+00,6.013336229706438552e-01,6.283588136798126111e-01,7.217653288774730225e-01,-8.425838456232414009e-01,-2.884721694449462470e-01,-9.663222463115009875e-01,1.484473204643022015e+00,-2.505279226442691076e+00,-7.220141707630916006e-01
-1.053816742007642748e+00,-1.198871369997914549e+00,-1.297738359318135970e+00,-7.995585939059896008e-01,-1.460722306675961146e+00,-1.750861914916014728e+00,1.232126486092832929e+00,6.185081361707513992e-01,1.155210498578246758e+00,-3.629414289959759232e-01,1.400165683324090304e+00,-1.525166789242190291e+00,1.006817629206533615e+00,-1.882381401871624282e+00,6.863126940875322601e-01,1.627072878840340464e-01,2.411353511133684790e-02,1.256922185903488476e-01,6.533150226741898381e-01,-1.081346558640921274e-01
2.321384940837860622e-01,-1.778935366254156270e+00,1.164286916067487132e+00,2.532903043448162528e+00,-1.302861951164796528e-01,7.403785892154064463e+00,-1.454126286268712986e+00,-5.516645700059674695e+00,-2.418485334070819004e+00,2.900107100045846042e+00,5.942438225621280434e-01,-3.274098625005083196e+00,2.520385142920746890e+00,6.450881170750056848e-01,8.192964690162523045e-01,-1.764155711241329527e+00,-4.303728817857495059e+00,6.330942827713715859e-01,-1.800993711528965591e+00,-1.181819629554862416e+00
2.957972876503594417e+00,1.363511064128152706e+00,-4.313110666788459446e-01,3.223173257128111757e+00,-9.418980824936958873e-01,-4.758771913415612564e-01,-3.370237968422978181e+00,3.159562827858560130e+00,2.588521104568579645e-01,7.184668994775872397e-01,8.263711551936528954e-01,3.565774306136448857e+00,-1.840432220781056616e+00,4.946278091124710619e-01,-8.631419098624924791e-02,-4.858029520271361368e-01,1.905313156858001733e+00,1.742457609294294718e+00,-2.129225286254031957e+00,-1.371024198873320721e+00
3.538256859691490508e+00,2.091840483342545021e+00,3.502973952680760727e-01,5.221093964925666242e+00,-2.185218810900118047e+00,1.863806504696259081e+00,-7.121578735310362340e+00,2.648256169908877578e+00,-3.876573412797550411e+00,1.120966678989071985e+00,-3.840647779052218436e+00,1.152196072146267847e+00,-3.107455457424523892e+00,1.965554309835283453e+00,-7.409563557855647353e-01,-5.409075445594221238e-02,4.071311648908210401e+00,3.341752221175743998e+00,-5.092877658731350010e+00,5.317910786444319804e-01
7.447469930202954558e-04,8.239505163430312917e-01,-5.310581232773792237e-01,-1.791584428401614026e+00,-9.196864402826967488e-01,-3.333816510999187521e+00,2.694330323262738691e+00,-2.555919549518100853e-01,2.851710379456441569e+00,-1.025176610263793586e+00,8.599987108647533240e-01,-3.402536920840991463e+00,-1.574326450628700247e+00,-9.130506535101599042e-01,-1.651284444081571046e+00,4.162643386413687474e-01,1.624126304843197977e+00,-3.793101623165419101e-01,1.168319809579344337e+00,9.728314524765460103e-01
7.334805577743076788e-02,4.460051553949624936e-01,1.065131889479360883e+00,6.769367118051461407e-01,1.302322763936635486e+00,1.149769825705556636e+00,-8.491482485890898824e-01,8.516382606514661946e-01,-2.316310464030165495e+00,-4.653252114749367174e-01,-1.915093206704771900e+00,3.702344884535310410e+00,-7.660763122766311994e-01,-2.607057335498754735e-01,4.912351912583668434e-01,-4.528530195087296928e-01,-9.265435608027527969e-02,-1.130478794830677369e+00,1.438371673723994881e-01,-1.249763200724368417e+00
1.293642930376126987e+00,-1.284928540035979450e-01,2.429878401291753476e-01,1.180168230481463576e+00,8.903097765257703688e-01,-2.828849487697346454e+00,-1.014556563240628595e+00,1.871830381864940662e+00,-2.383121517382277510e+00,-2.283629063490796085e+00,2.398116868401816704e-01,3.961487923354858331e+00,4.887216880298615451e-01,2.729282524828603451e-01,1.979022044493525812e+00,3.466372359937826553e-01,-2.202525275317475106e-01,-6.706536696525531305e-01,-6.720547902128962692e-01,1.373682786702488556e+00
-1.183632872376055190e+00,-5.321493000694549336e-01,-1.595964266138229171e+00,-2.019750450017966603e+00,1.497808411162460329e+00,2.631158581237328153e+00,2.077446664459193126e+00,-1.765967533600378614e+00,2.786495941296003309e-01,-4.496058710340807840e-01,2.848623157908361847e+00,-4.205497671013704419e+00,-1.478281328557108920e-01,-1.870086217633373460e+00,-1.683507265902219885e+00,2.746667763097706064e-02,1.219452462027379669e+00,-5.451341286793520702e-01,1.535072050860628146e+00,7.397582640769921891e-01
-7.737553693918424180e-01,-1.518678776425295807e+00,8.492040142547511300e-03,3.261696605594719411e-01,1.594920469901660809e+00,-1.220959126152980412e+00,3.292331472311619933e+00,-3.004764977887799393e+00,1.820643904621570996e+00,8.625451286953269570e-01,5.171219278102812122e-01,-4.253176886661943712e+00,1.017621332156326330e+00,-7.387497517503464062e-01,-4.632862139795699830e-01,-1.286331818861517151e+00,-1.275990197162291340e+00,-1.171167412167502864e+00,1.772511880014328467e+00,-9.030897649332125798e-01
1.392125105299749865e+00,1.192250013426846521e-02,-1.326790623497450916e+00,2.239236061949700485e+00,1.846168517674688037e+00,6.015208236694118860e+00,-3.458066117377503357e+00,-2.712170039310831893e+00,-3.888897540632106686e+00,1.538771545687836362e+00,9.195503120482252379e-01,-3.488752715298388818e-01,6.040044389771109801e-01,1.596885831752362928e-01,-1.395143559474309569e+00,9.392095877254387215e-01,-4.585622774256739032e-01,8.803294090198721111e-01,-1.495182176553969677e+00,5.347418776520562744e-03
1.859164132802459957e+00,-6.272314673482962677e-01,-1.324081733205808131e+00,6.642658544520162245e+00,1.665551820730431176e+00,3.426141753215357078e+00,-5.985122173985966576e+00,-2.144741854096960942e-01,-8.992893715270380284e+00,1.688269123672618832e+00,1.043114505249968182e+00,1.986021326280434707e+00,-4.974158654809440749e-01,1.949410249359134761e+00,-7.572888396720807436e-02,5.685065836788515403e-01,1.564646192464277608e+00,2.386974839361257761e+00,-5.153448420150244402e+00,1.178088783124064065e+00
5.593161876305086100e-01,-3.072672477017722170e-01,-1.379320763357642754e+00,-5.058752658820636627e-01,2.452698958967437504e-01,-1.794291730207463686e+00,-7.472080083898849368e-02,2.109882201309797978e+00,1.611955279808915176e+00,1.052117370803497209e+00,5.231934358842105226e-01,-1.820067342755687267e+00,-7.454283576472342521e-01,-1.491674301956618764e+00,-4.510600384415585640e-01,-8.435927922633182363e-02,1.164044959032179971e-01,-4.462907167715146617e-01,4.480191289692204704e-01,2.755114767107811780e+00
-1.383504825233856650e-01,-7.633712911118238909e-01,-7.442010056007356544e-01,-2.961694692076575208e+00,1.957373324712041507e+00,3.431389621448937444e+00,2.905854323621557711e+00,-3.918292993342551878e+00,-2.220966008378878476e-01,-2.292996464851706495e+00,8.876027686208273204e-01,-1.506976530373382417e+00,1.713659350358218703e+00,1.266092198332858132e+00,-3.662038964266038921e-01,1.392197695385727130e+00,-2.327687586635746708e+00,-4.628329721547956854e-01,1.699189094337799411e+00,8.782151724793023639e-01
-2.114813052761339129e+00,-3.498126816699156372e-01,2.979477418723159299e-01,-2.800063060304132989e+00,-1.187426755569017223e+00,-4.052567183197802514e+00,6.783626808917912143e+00,-1.279761056692757526e-01,6.502161356095395917e+00,-1.823774119676736527e+00,-3.667785039308491535e-01,-2.269812374677235400e+00,3.210706922157393062e-01,-1.868371600995291315e+00,9.958509616499180428e-01,-8.738295202663998174e-01,1.586154555874186300e-03,-2.684155923848993375e+00,4.318733950987567738e+00,1.140470137195194189e-01
-2.504749572907362776e+00,-1.306160187636674630e+00,1.998922707750939443e-01,-1.177022667179451698e+00,1.246496880339402313e+00,-1.302904617358268791e+00,4.681210611493240137e+00,-1.751679386361149504e+00,2.286826509310253996e+00,-7.899898093695308932e-01,4.785013323295794763e-01,-9.808958703367267606e-01,2.150981111355155795e-01,-1.170888166132023178e+00,-6.747882940685625552e-01,-1.408149697440535864e+00,1.385923915294060560e-01,-2.517780388661688740e+00,3.561821889711911382e+00,-2.824550827881127546e+00
1.055691184952740613e+00,-8.258190173286616975e-02,-5.295655439740625248e-01,3.662349148460345205e+00,1.365404108437996644e+00,4.122319293404995477e+00,-3.972560766346127537e+00,-1.341386846476186445e+00,-3.672482454661593287e+00,7.909809219730674634e-01,-2.837108500872032035e-01,1.798668777260689300e+00,-3.668357049978476780e-01,6.053151284173320379e-01,-1.380778710986137803e+00,6.057719091033000325e-01,9.839657944349328167e-02,2.459696315185190274e-01,-2.358959561242373049e+00,9.459702892601026258e-01
4.248477752140589203e-01,-1.428732638647381759e+00,-1.497013342692955717e+00,-2.490868166157166996e+00,1.421834789799914844e+00,2.904875744037594743e+00,-1.102533775683380624e+00,-1.879306497428780975e+00,-5.412614489861053979e-01,5.857273148561866760e-01,1.564906116189522800e+00,-9.281397176642147695e-01,2.585511829609430823e+00,3.003505448427105651e-01,2.200708204071435414e-01,-8.807672148966858572e-01,-3.565603817588180569e+00,8.619095414988187098e-02,1.382073217656440089e+00,-4.129013632499681230e-01
7.961985533622950584e-02,3.695651987013624518e-01,1.826212247094907426e-01,-3.812979129210657625e+00,-7.414449349899286945e-01,5.047219786884101778e-01,6.198346995277134175e-01,1.404595632391201221e-01,2.796881392457513993e+00,-7.612055001660211762e-02,-2.764636288127111929e-01,-2.004339187116360055e+00,1.435699538570741063e-01,-1.233098909581542335e+00,1.027281455175341529e+00,-6.243773236156598960e-01,-2.245160632895566444e+00,-1.301419138273918641e+00,1.447208283517923633e+00,-7.002537970091403663e-01
8.272909916712975487e-02,5.808671048182992847e-01,-1.601665525149447711e-01,-1.068649896086718787e+00,1.230091312707163320e+00,-4.036514783197256762e+00,-3.437923159962043007e-01,3.868271999522219673e+00,-1.160576942503831255e+00,-7.461095010965757002e-01,7.570504099827385369e-01,4.473448499022826041e+00,-2.966055636941088203e+00,-1.142742391765899868e+00,2.377921127572311388e-01,-2.775327456849502415e-04,4.479838116135609560e+00,-3.144898892486176489e-01,-2.026909212640621849e-01,-3.588591759076285581e-01
8.924724277961932906e-01,2.155788034353135207e-01,-2.115359431899017373e-01,8.075858384321296102e-01,8.304487685786303697e-01,7.870943310150047001e-01,-1.797054214704816300e+00,-6.479404051735849768e-01,-3.093213443390225414e+00,2.372905314313558112e-01,1.239161776090270894e+00,2.784823979811406058e-01,-1.761432274147417543e-02,2.667206135138276701e-02,-5.423167218855554639e-01,3.156839052249240107e-01,-1.094648455812463478e-01,2.507453768487900581e-01,-7.577442347228809938e-01,-4.601354523427886312e-02
-8.769855896911243898e-01,1.105928047189480123e+00,1.811844124949143209e-01,-3.113249567819352581e+00,-9.159082901174606661e-01,-1.967002886861894506e+00,1.894243095725453907e+00,7.905571397142475698e-01,4.208968507341896981e+00,-1.890538714995628755e+00,8.509510085579526928e-01,-6.270889201749049180e-01,-1.340970920078763395e+00,-1.400359593739285202e+00,-1.108907403907452904e+00,6.385078144060089000e-01,2.795687772235110113e+00,-1.869123788732069302e+00,2.651860184592667036e+00,3.495314482007713663e-01
-5.386446750917756043e-01,-3.820987305799182221e-01,1.706005509173018853e+00,1.557588716374385673e-01,-2.011754523849281995e+00,-4.503085219153570851e-01,4.860518364090041787e-01,-1.159091600252341481e+00,2.387318119509888703e+00,-3.728188220392025798e-01,-1.934340974260495338e+00,2.090894154963259810e-01,1.547490149717204166e-01,7.059431889611352817e-01,-4.484956959401743548e-01,-1.730906964628467382e+00,-8.167013997256461488e-01,-4.444340488854738869e-01,3.337359005795786371e-01,-2.462038241581008258e+00
1.329876460347893641e+00,7.523541927197693879e-02,-2.875505227737744640e-01,2.159376432018656811e+00,-9.935036875394116507e-01,4.037247398069231608e+00,-4.467313639309312023e+00,-1.754583217438269171e-01,-4.118278732910103379e+00,2.531776567270722644e-01,1.669822386953032090e-02,-2.088448875181383890e+00,-1.237640043242406174e+00,1.342491592919863086e+00,-1.125120578687286210e+00,1.059600103777465829e+00,3.743439882464445922e+00,2.344786947608053396e+00,-3.237189567177015448e+00,2.322955131764944170e+00
-1.610667715425166513e+00,4.919246943875065226e-01,7.220299608698343974e-01,1.127178204772436021e-01,-6.139193633881966372e-01,6.627719384712049688e-01,-6.793927384559310667e-01,6.078335048738123803e-01,5.149726172997375340e-01,1.486630795498359525e+00,-1.750760826703267603e-01,-2.232721519108935571e+00,-4.422575109079494027e-01,-8.933025856436216383e-01,3.350098636678942032e-01,-5.875493170893093531e-01,7.437281153405689293e-01,4.748350072006144451e-01,-4.220987365446480233e-01,9.972201890524496903e-01
-1.194256543413307226e+00,8.499720410323140518e-01,-7.184872771000790914e-01,-4.584565425695704910e+00,5.993366966442670307e-02,-2.841221561287472497e+00,3.825880337386171171e+00,8.665369862537114498e-01,3.826152094346328525e+00,-1.229563376628160398e+00,3.454108606703126250e-01,-7.012808990776441265e-01,-3.897891245813864258e-01,-1.839607411547694027e-01,8.137252968945990483e-01,7.845880426463798241e-01,-1.293684972899176167e-01,-1.158165195232222056e+00,3.599396028097439082e+00,4.973367200860198123e-01
1.416433995282599945e+00,1.369331298609790970e+00,-1.795389167999872804e+00,4.644157951701703091e+00,2.246366751644050641e+00,3.102910837178806336e+00,-5.737914877883314446e+00,8.017772610782958331e-03,-6.159262741028818766e+00,-1.456999878632711187e+00,2.376062868169729114e+00,5.606627454710132241e+00,1.543270100502767139e-01,2.616644410726116643e-01,-3.014151555732383359e-01,-1.147696601079057688e+00,-3.696969503003555979e-01,1.448736425433626573e+00,-4.449077740966169259e+00,-1.391384989507705727e+00
-4.168400443225662722e-01,1.140136682318599215e+00,4.099551968685649084e-01,-7.305258359223004705e-01,-1.896864879138132842e+00,-2.162037324553887530e+00,1.479904328010528625e+00,8.010403770292539027e-01,2.887752322910528413e+00,4.281419477282142338e-01,-8.700414881877632789e-02,2.489454349218755969e+00,7.576208370836530204e-01,-9.629380709211637218e-03,1.411819147534331798e+00,5.772031005874673770e-01,-5.684077555074857901e-01,-7.237908191925465085e-01,1.612767879786843439e+00,4.040305238007346755e-01
1.948734740710030389e+00,3.135136704460146362e-01,1.280785384686749628e+00,5.436917510824010868e-01,2.783311209090355565e-02,1.151052536362173084e+00,-3.139542809406696389e+00,8.474270099436643777e-01,-2.461620402260094931e+00,7.647657744803844082e-01,-1.916559498185457233e+00,9.647776174563698071e-01,-5.915021640156542526e-01,1.148135865986666948e+00,2.044880125695262493e-02,1.002863741059983438e+00,-5.122869084041588028e-01,1.893537328986174106e+00,-2.190043902987279800e+00,2.330737061809418531e+00
-6.527657209857911980e+00,7.955860474177561814e-02,-1.139032380734065486e-01,-4.208801089395663553e+00,9.850073829780844337e-01,-9.429622736423711515e+00,9.017328051133468136e+00,4.026658238809238455e+00,6.904013190189162152e+00,-4.228320297218724377e+00,-4.719777183319036062e-01,3.197087553961843742e+00,-1.603240682870785028e+00,-1.835471402296756649e+00,3.104041149201577920e-01,-2.372751484994986448e+00,2.914208958980499808e+00,-4.220958068901017768e+00,6.158440904321308196e+00,-2.066411345739740391e+00
-2.290071434397805916e+00,-7.705311764092652727e-01,2.014835161261665508e+00,-3.155863009562513533e+00,-9.679315906587588891e-01,-2.368527066052693364e+00,4.397470131937573967e+00,-4.878299146590578395e-02,7.355572639041304761e+00,-1.701184912465533827e+00,-1.981412499912826419e+00,-9.463655062620077718e-01,1.778188098630922864e-01,-2.158666807859122017e+00,1.867582509608654850e-01,2.373360623130285063e-01,1.114249783208038469e+00,-3.690949395873028394e+00,3.961088482284885082e+00,-7.824578390339201883e-01
3.974635624538925827e-01,1.347639963023728127e+00,-6.409264563977330464e-01,-7.348428477631528954e-01,-7.424255030096685859e-01,-1.990756880277768648e-01,1.110353516433692622e+00,4.128960272550391553e-01,3.260800866349177873e+00,-1.259957866563907736e+00,3.422770300415757250e-01,-4.778245759325761011e-02,-2.695780657515839396e-01,-1.206671183463199792e+00,-2.939127647138772281e-01,1.539195110252523646e+00,-9.940075824949501371e-02,-1.040778823906530981e+00,1.237859432581416286e+00,2.776143888303939100e-02
5.271069703857883537e-01,8.510837127896548893e-01,-9.293869812904180794e-01,-1.320127929893272434e+00,1.057093009382294113e+00,4.376339385639723689e-01,-9.855643206103317233e-01,6.856916466487468220e-01,-2.450892614318324725e+00,-3.960262833666894355e-01,8.468252492503948181e-01,-8.369345612143402890e-01,-8.642883532030729565e-01,-2.246941245056113812e-01,-4.987330231972011974e-01,2.101150205415186711e+00,1.616422358235819923e+00,1.621679700252236067e+00,-1.109429677391598812e+00,9.437877261262013207e-01
-1.013343252057011590e+00,-4.628714538196374573e-01,-9.124416900404774822e-01,-1.281878538222663844e+00,2.736459272626828199e+00,-3.509437083223052589e+00,2.490854942006010209e+00,4.286415190827146393e-01,9.737224716743748676e-01,-1.711550863116396703e+00,1.469428341580836461e+00,9.023006831888554791e-01,1.022473209888329793e+00,-6.774955867814752564e-01,3.230314752405161194e-01,2.737336869569864106e-01,2.261495103635304815e-01,-9.534677200116022933e-01,1.392812672851363676e+00,4.495620667680664262e-01
-1.310958232843594473e+00,3.938328693756451560e-02,-1.339158980077418404e+00,-2.205359883547782118e+00,-8.846738435210288465e-02,-6.228179711670189800e-01,2.358732271648068757e+00,-1.341226921904117964e+00,2.947480717487891422e-01,-4.044231743907301113e-01,1.599078873044172289e+00,-6.880144337259292975e-01,-1.494183976338142039e-01,-1.292949688652944296e-01,-6.227307511317282662e-01,3.951062319224332708e-01,9.326178550479633511e-01,3.061069216073329935e-01,1.117801035545030963e+00,1.678129900321117640e+00
-1.931988333592098650e+00,2.637113345607710047e-01,-1.093192820369965679e+00,-1.840025183260813435e+00,2.070528814741361412e-01,2.190374662190918365e+00,4.150877694982574084e+00,-3.637831258477154606e+00,3.709830800353295821e+00,1.350350874368062559e-01,1.811505982617794164e+00,-3.480965961239881779e+00,1.132943471665266433e+00,-6.590030920842195883e-01,-1.140657304797023874e+00,-6.737355207331290341e-01,-2.619006600714168798e+00,-7.823810843683370875e-01,2.212321413487633670e+00,-1.000071441668005434e+00
9.604575461073672216e-01,4.503625573507764532e-03,-1.054022133071556233e+00,9.841598046050670234e-03,-2.157951344393800763e+00,-4.429783472144837475e+00,-1.436578682385153627e+00,5.414377106124912409e+00,1.366294149167700755e+00,-2.159677466904961207e+00,1.390461124878434651e+00,3.849265287078076803e+00,-2.005713222710293842e+00,-7.444308114572559809e-01,6.732610948818108509e-01,-1.489466974201927529e+00,3.617017981905227941e+00,-1.259886004210997168e-01,-2.571341902955209258e-01,-2.785937698397968010e+00
2.092650945725162082e+00,-2.087717640805485664e-01,-6.556167985481407001e-01,1.054770374721663462e+00,9.002107485904834450e-01,-9.022929670616961495e-01,-4.562189380936573002e+00,1.623029157813262957e+00,-4.652628356156927936e+00,4.629398089198625277e-01,5.488055979400149331e-01,3.839749081238291950e+00,-1.077376441618795422e+00,-6.133907328274518234e-01,3.860642518840190496e-01,-2.651456219146147153e-01,-1.236195785626608590e+00,8.214022217912901880e-01,-2.847113087847244373e+00,-1.197430306720826731e+00
2.476388462141704938e+00,6.477392349390671544e-01,-1.034948230483907217e-01,-4.028442851131405211e-01,1.473247186743895210e+00,-2.688332971178921227e+00,1.075429852575758183e+00,1.551820284443522269e+00,-1.020250728489993319e+00,1.258377730457760801e+00,2.354292268482440331e+00,3.327794822731963365e+00,-1.416131776567748801e+00,-1.234698881776387508e-01,3.897611264784738294e-01,-1.141129567827181779e+00,1.439962360413334252e+00,-5.516563153701189437e-01,1.407946068679959417e-01,-1.458571521626794487e+00
1.316679199741168871e+00,4.261195992788763265e-01,1.526172582605344330e-01,-1.473169125817751945e+00,-1.707141428012318995e-01,2.444964397323221572e+00,-2.637509269022802805e+00,-1.259913615506867091e+00,-5.312539836671695825e-01,3.550371599900803421e-01,5.078323624602895103e-01,6.760949666208725395e-01,-2.413860862598735113e-01,9.142180207733222597e-01,-1.309501290671976070e+00,-1.096372776800949245e+00,2.562207231229618465e-01,6.207916696467120632e-01,3.760155672232095014e-01,-1.002687259073274717e+00
-6.187418100546554500e-01,2.159540360168195061e+00,1.476435825646653432e+00,-1.551347095290996680e+00,-2.314717214045185045e+00,-5.209877811307324968e+00,8.984331588503177701e-02,4.807226090917691153e+00,-2.482983470537698523e-01,5.172749106839626965e-01,-1.154777044991053270e-01,3.551037990745374628e+00,-2.704451114190468353e+00,-1.947524799886239111e-01,4.594413579103642786e-01,-7.996673777411870132e-01,4.391408065621997814e+00,6.008363894413488726e-01,-2.813330912816598417e-01,1.830743443755593614e+00
-3.966573380798690707e+00,-3.697609071807761438e-01,-1.125506412042841520e+00,-5.677134059561955937e+00,3.011112266455420183e+00,-4.521376269493011080e+00,7.154742841121700891e+00,-1.019815322443184957e+00,3.135691080717049495e+00,-1.021461029229212114e+00,-9.829394988936724920e-01,1.539543348315606686e+00,1.865783657678655505e+00,-4.939297568725029008e-01,1.040933876165313077e+00,1.504904292053055315e-01,-2.688137901406568719e+00,-2.354826522174700454e+00,3.929470530622102054e+00,-3.315949329337822826e-01
-2.069214182662106438e+00,9.446257664851703817e-01,1.145102845974016237e+00,-4.497021458920628767e+00,1.033056901894616519e+00,-6.860652942823310951e+00,5.447627222274911141e+00,2.603304866105941251e+00,4.354316615163629223e+00,-2.709956717138643612e+00,-1.335057734605002544e+00,3.252372241885830295e+00,-1.770490859623643942e+00,-1.893135956630867645e+00,-6.627765657220539008e-01,-1.799992163877723872e+00,2.503821180550854564e+00,-3.900893720833937373e+00,3.721951569228668877e+00,-1.392547235600827715e+00
1.166200241357999157e-01,-4.964299678246408831e-01,7.167215558892865435e-01,-4.993693506549681804e-01,4.182740945436388413e-01,1.441297271344878617e+00,1.612056625743646165e+00,-2.402266129343950674e+00,1.563532490216078319e+00,-6.324406135786764249e-01,-3.252264349996387138e-01,-5.974521161973614269e+00,4.113206392591328697e-03,-2.566886599496863708e-01,-1.660271621436224976e+00,-5.353590156739205241e-01,-6.091332531455794230e-01,-1.144540799811767817e+00,6.859914459107991913e-01,3.161237416383152476e-01
2.667809564357935592e+00,-1.216207218745422314e-01,1.399186458327767113e+00,3.882520508224450162e-01,-3.263383625835661661e+00,1.828573308673917985e+00,-2.057970779502960035e+00,-1.529335409284927838e+00,4.403857398861660499e+00,6.318145090303400879e-02,-1.833600512279687234e+00,-3.306903713432461256e+00,-4.919076082116539683e-01,-1.795681104906958758e-01,-1.873203334214712967e+00,2.576705191717303389e-01,1.608592258887550752e+00,-6.944131151166077487e-01,-6.036021828610849127e-03,1.897266721190953298e-01
-9.887432004290384047e-01,8.499805962381639102e-01,1.525077773514523560e+00,-2.762066977054968397e+00,-8.693909436469310359e-01,-2.870602710360239396e+00,2.717421491878924567e+00,-4.828518476354917710e-01,2.923980742973638858e+00,1.441897537471405755e-01,-3.871817323904644947e-01,-2.285842510126798732e+00,-4.689563827341869939e-01,-7.634517213875013919e-02,-1.424689819978376848e+00,5.037829908744064777e-01,3.921348724473122105e-01,-3.524068503702699195e-01,1.462881921056358614e+00,3.452183731487771245e-01
-3.830578606917902640e+00,1.906461805139725296e+00,9.583716487846273280e-01,-7.535374124388290795e+00,-8.190302767398350836e-01,-7.517271763038235299e+00,8.277895695762994777e+00,2.548014473889744114e+00,9.583093983547176009e+00,-1.190732323365249146e+00,-1.023330141885925970e+00,-2.294027231065177475e+00,-2.199350354323571288e+00,-2.567305680285614677e+00,5.294651370626098918e-01,-4.624144784031415933e-01,5.533741385463905260e+00,-3.847808769594026401e+00,6.435646898617600975e+00,2.671797571298845653e-01
-2.911803870638844938e-01,-7.125616768996001493e-01,3.359159379326546180e-01,1.338127351809937249e+00,-9.849960536626714003e-01,4.707809788313818800e+00,-1.388073198930725782e+00,-3.219772697239661863e+00,-6.663361836515068193e-01,1.853823815486654869e+00,6.360600140580905393e-01,-3.301354386795897877e+00,6.059112662064978228e-01,8.033862202478815329e-01,-2.794604280788969941e+00,-6.784400379117269120e-01,-1.713096411206338932e+00,9.977728427779603004e-01,-1.779722749079444721e+00,-2.122842374688609368e-01
-1.143846169690225123e+00,-6.541618110895378035e-02,1.079585079121101465e+00,-1.101131863815538292e+00,2.303576165951146670e-01,3.480087017667607974e-01,2.319616496425867869e+00,-2.371707697499648937e+00,2.068310828641109378e+00,-6.802052985598832091e-01,-5.865848814475549400e-01,2.016879178131292250e-02,8.376825364121902595e-01,1.201354450682207142e+00,-1.996224956577513865e+00,5.301371334449912071e-02,-1.125335514806678816e+00,-4.012601993472313389e-01,1.628108135198397033e+00,-4.523355610559228746e-01
-6.276434408209923266e-01,6.045213784593425066e-01,5.361991155919451080e-01,-1.741999481643315084e+00,-6.570170031772862851e-01,-6.595872284063807323e-01,3.124652535676989418e-01,4.725705659189023411e-01,-1.009525643713016230e-02,-1.541632603977954874e+00,-5.560608161872618860e-01,4.144488932869064612e+00,4.594076548318180020e-01,-1.625751345216719379e+00,7.142794192897680139e-01,3.637379135019001009e-01,-1.028464955934925262e+00,-1.734163662988903898e+00,8.499003945499299384e-01,-6.576410205243101714e-01
-1.056073989165478677e+00,4.411825501908286928e-02,9.424973486128644939e-01,-3.525929910202652007e-01,1.178721613512182520e+00,1.424648685938506576e-01,3.698223293497370445e+00,-1.886065100853131948e+00,1.931498318055818952e+00,-2.444752485162861699e+00,-6.972626466600034822e-01,-1.199101898736160354e+00,3.794518763711411946e-01,-7.573004158148404219e-01,-5.305830711959991230e-01,-4.993999913951296943e-01,-7.612130489473629691e-01,-3.970548627750558612e-01,1.730006633254713044e+00,-1.535469901278666782e+00
4.000771392968997531e-01,5.660607071602266060e-01,-1.642576064446642725e+00,1.078572941148153941e+00,6.843784955466140074e-01,6.475366341798660663e-01,-7.420231904341489937e-01,3.572657955261666629e-01,-4.685591417184540308e-01,1.315623031799282305e+00,1.142507163738880394e+00,2.567566515840442598e-01,-6.576405010981107857e-01,3.312930177586544123e-02,7.274440069595867336e-03,1.014923817882301460e+00,8.092469769763557252e-01,3.770321353990479518e-01,1.408273909137999214e-01,2.288694206663852704e-01
1.920957418060907251e+00,5.772845379058950677e-01,1.478291718366218310e+00,9.450481319284802506e-01,1.152018763175337357e+00,1.411609270481522849e+00,-3.100050039608178487e+00,3.385486601922734207e-01,-2.284956300681520780e+00,-3.109710170434508147e-01,-4.551615107688393280e+00,-1.062591504455306368e-01,-1.258486760458638720e+00,-5.325739593605368638e-01,-1.903699727645166151e+00,-1.413304174113312994e+00,1.076328140781766862e+00,5.466224813093517598e-01,-5.779136847435877300e-01,-3.094366593333710558e-01
-1.756344899708842888e+00,4.384142682802625313e-01,8.044192762620983039e-01,-1.755494448726361290e+00,-4.421463310907690625e-01,-4.685276323733528869e+00,3.007165614702718592e+00,4.335948818044588648e+00,3.582505213377387587e+00,8.098320582272628965e-01,-1.665838082009437393e+00,3.474345682308637606e+00,-2.945434105147690662e-01,-1.319777670303035749e-02,2.276399356667508478e+00,6.644965466595216530e-02,1.706600305237210291e+00,-1.130740960190871780e+00,2.343030654143166913e+00,-3.432552533297998920e-01
-2.304727870285576241e+00,1.098447995509513886e+00,1.783363869754214515e-01,-1.334390486898635153e+00,-5.523007388031442311e-01,-5.029362980649789705e+00,4.749300926835640091e+00,3.125254917187610948e-01,4.715094872647848767e+00,-1.307632646018813904e+00,1.374824898299158438e+00,-1.083322964393226284e+00,-1.429693173360642833e+00,-1.094831407983285487e+00,-1.702317908829460213e+00,-5.365466718248888822e-02,1.257889891736882593e+00,-1.685426461088433525e+00,3.105453588822555844e+00,-1.139592762751701072e+00
-2.130792389238575169e+00,1.852147762297162270e+00,5.903355912457222132e-01,5.045789438089423040e-01,-9.440746365143894980e-01,-5.247564909282992573e+00,2.688192706537804177e+00,3.599326885885527627e+00,1.422551096375826107e+00,-2.354206290007400781e+00,1.396597385856610307e+00,1.717472792607218635e+00,-1.846450453809425296e+00,-8.398315325045520030e-01,-5.022881168824395726e-01,4.462184186950588494e-01,3.294663514404359894e+00,-4.473257140983506464e-01,4.241860398056122028e-01,2.259927170027286047e-01
-5.783134105447165219e-01,-2.137822466469581961e+00,-9.584805900633681652e-01,-1.128188688740042966e+00,-1.827214831651136073e-02,2.755624119043195819e+00,3.355886889590488753e+00,-5.764089691628512924e+00,2.579594940712295337e+00,-2.220676861542595582e+00,9.097882596251164466e-01,-8.022543951726182954e+00,1.004646053033829922e+00,-1.453742901470365556e+00,-2.786362701697936206e+00,-4.672605202408429415e-02,-2.028811127731758202e+00,-2.498412067992445085e+00,1.816525309969623692e+00,-7.028563536913272625e-01
-3.573316949968944556e+00,2.334546938949894623e-01,-8.970463549252739588e-01,-4.036604596752164653e+00,-2.377871041508680117e-01,-3.832168110624323276e+00,6.473201970674947958e+00,-1.524362045996827675e+00,7.167398559853143780e+00,-1.148791526335306568e+00,-1.071620861987139461e+00,-2.835357766991850603e+00,3.237054416510959931e-01,-9.715817389222816125e-01,-1.234144001144186209e+00,-2.348237722622821266e+00,-2.905647521363056818e+00,-1.716698358029748350e+00,4.267527705443138863e+00,-1.794282851537904344e+00
-2.375145844734950273e+00,5.389619794917485107e-01,1.121506464420968685e+00,-5.005180646393923016e-01,-2.393904655549079941e+00,4.543937369741568588e+00,-7.012458134614023564e-01,-3.881823124238090728e+00,2.578791621087466179e+00,3.558349020465602308e+00,-3.830505920896412508e+00,-7.174820528886896476e+00,1.946428751546496749e-01,8.774117994519984309e-01,-1.824605313116187677e+00,8.924154281217945295e-01,2.150662418826899125e-01,1.582416299296359297e+00,-6.326336827341902946e-01,2.603854989674576181e+00
5.722211696059530395e-01,-9.949625210233393746e-01,-2.005214862946159915e+00,8.974551045454358666e-01,-1.149402656176081949e+00,-8.833652103351889995e-01,-2.065911526969829826e+00,8.912374257422619461e-01,-8.160209227180906799e-01,1.059488429932662124e+00,1.773261755623191993e+00,-1.196417626164183901e+00,-8.452192123364812293e-01,1.323051714465473427e+00,-1.413129103059924452e+00,5.170882356152282089e-01,4.196718204365439409e-01,1.489956343900223690e+00,-2.011748079162070102e+00,1.395704701050015206e+00
-4.317818598037002076e-01,6.538373294955809323e-01,6.531779544745529575e-01,5.667225947498371053e-01,6.449977185665127788e-01,-1.680178996536904501e+00,-2.150992833468683418e+00,2.707380496524563362e+00,-3.715631013881477429e+00,7.288649016117142443e-01,-1.596101614448238948e+00,3.028008465389492976e+00,-1.359094675061552904e+00,-1.145499281118572965e-01,7.084999557704428907e-01,-1.265087895053792766e-01,2.316556214757604870e+00,4.205826597112769516e-01,-1.730575610625511018e+00,1.620377290375644597e+00
3.902330526276992506e-02,1.356279685042880878e+00,-1.074439791294927504e+00,2.190800024987101802e-01,-2.234304326496419080e-01,-1.961788990736467175e+00,-6.331216199059513938e-01,2.745653527713821873e+00,-1.390279648611457253e+00,1.039963045203047720e+00,1.401320993700951645e+00,2.093710099640848199e+00,-1.129851640600847418e+00,6.156932392762568540e-01,2.660434318277620780e-01,-4.058658593324800806e-02,1.912787403400475927e+00,3.994581071771721725e-01,-7.745351883469686616e-01,7.297805941764237136e-01
3.197663649578690759e+00,2.932164189343482441e-01,8.662607990847069894e-01,4.648551989922472316e+00,1.804921126078133931e+00,2.081110107011668653e+00,-4.765316197266848519e+00,1.502874717732535892e+00,-5.079527921237454891e+00,9.756789208462686158e-01,6.932766889197781168e-01,1.145971548901972614e+00,-4.130463377753502696e-01,1.431120595251412997e+00,3.138090816264168526e-01,6.613332644181961761e-01,1.566379032170100327e+00,1.910027318971427857e+00,-3.877831379869963957e+00,2.759296602914912189e+00
2.793789235643138191e+00,4.815237864639749787e-01,-4.514700163306600844e-01,2.805496431996395312e+00,-8.089550375671911153e-02,2.866618742443399537e+00,-7.055530370479004887e+00,1.090301285518182173e+00,-6.388698034075181553e+00,1.777262631705661011e+00,8.993172452756923452e-01,3.478265656455250543e+00,-1.039501461202426702e+00,2.240119437695283100e+00,-4.912549266025179051e-01,-2.779494368212677147e-01,9.458661210180820955e-01,2.572349215277070389e+00,-4.029853486920824679e+00,-5.051468851728024845e-01
1.528288723245004421e+00,2.686184667766068124e+00,4.447852184677248966e-01,2.599733475213825251e+00,8.107503733409741065e-01,1.979559561788750699e-01,-3.191081468349587613e+00,4.028988684539189791e-01,-5.288465262489355112e+00,1.222558885106002080e+00,-3.664464554602652191e-01,5.873766862431883951e+00,-6.149940286099668807e-01,1.262480614147750035e+00,7.311958588952995886e-01,-9.377784476492265764e-01,-1.574661251846481980e-01,1.058846789380202713e+00,-2.347521650244311253e+00,-1.649803367156271738e+00
7.968990288893502694e-01,-2.449771055871511338e-01,7.578001743227849030e-01,8.238866591005014062e-01,1.778408385454983143e-01,1.177640354318350902e+00,-9.268871881472539043e-01,-5.955536906734031355e-01,-2.184153844801716371e+00,3.129535015422804101e-01,-8.128128555135116784e-02,-2.159792571405066752e+00,-3.841544676089655996e-01,2.072012655746844789e+00,-1.394723050804508091e+00,3.943174492243891049e-01,1.412249260818298380e+00,1.802094122834795309e+00,-1.445633739657266936e+00,4.881473491898152828e-02
4.433344128771521397e-02,2.547539041657747028e-01,2.000458823263792763e+00,3.090157288589185480e+00,-3.036826011599101927e-01,-1.454056302094919984e+00,-2.753273456875013014e+00,1.911283770943147386e+00,-4.142735244332253153e+00,2.331519529115281930e+00,-1.415176269623499739e+00,3.233400178964195515e+00,-6.637517356430755466e-01,6.014204106474848599e-01,6.711776735635011093e-01,1.145875335248532911e+00,-2.106702195827797830e+00,9.831333062498845976e-01,-3.008856201208426562e+00,1.774626789908107405e+00
1.258772019345367754e-01,-5.662528731968837770e-01,-2.997681126549824326e-01,-1.515790948205604893e+00,1.772491884991095334e+00,-1.223922159332569315e+00,2.428047246527659020e+00,-1.761942844729759150e+00,7.934420526987753242e-01,9.161623048548492854e-01,-5.937530609907422097e-01,-1.724229470970372713e+00,-2.706975099390275252e-01,1.567264654459357365e+00,-5.543996462296703065e-01,-4.046086775833163118e-01,2.471767651426940438e-01,8.340056589089601680e-01,8.693760744151637354e-01,-4.948089337724257408e-01
-1.901349100342315301e+00,-1.263684570162207477e+00,9.871048422182284732e-01,-3.516527780506750744e-01,7.059097618307302868e-01,1.839053099487955922e+00,-1.439330152359892256e-01,-3.048050994178048256e+00,-2.104980118508055775e-01,-3.627996720692023280e-01,-8.827145785433787584e-02,-5.322949938472887332e+00,1.804992344981414920e+00,-1.246898966834881772e+00,-6.885001308428990718e-01,5.976663934313050097e-01,-1.914262771219409576e+00,6.256385151512111609e-01,1.151519611266593746e-01,1.223497786867432602e+00
9.938788287283172318e-01,-4.875598436013369175e-01,1.606002859912177616e+00,-2.615246068390881362e+00,-1.762586178292020467e+00,1.211992712705717068e+00,2.075418911302784331e-01,-3.459177399354276261e+00,2.556097107850645589e+00,6.527394269869438714e-01,-9.748937774260941769e-01,-3.717433042212418215e+00,1.138079044151378616e+00,6.663421003488005923e-01,-7.772625995956459199e-01,-7.687567752447500569e-01,-1.719017388289166171e+00,7.509030043819687750e-01,1.206086780224326027e+00,-1.338874906352664151e+00
-6.567526691865377408e-02,6.939451579208518739e-01,2.009029561235487371e+00,-1.568670555074479056e+00,-1.358737616191592279e+00,-6.038885216866092698e+00,2.137232843527896442e+00,4.060075878008912120e+00,4.207536514057851562e+00,-1.931507400973412336e-01,-1.874987417821101010e+00,2.313142538432099826e+00,-2.172383834241168543e+00,-9.087114462311339791e-01,5.831165615500308874e-01,-7.846142890828798899e-01,3.345244236449926856e+00,-1.510309754972076979e+00,1.772447526863591971e+00,-9.086813674142755204e-01
9.068556048606430942e-01,-1.592598733271506584e+00,-1.907347272284120043e-01,2.117916473607544425e+00,9.949722827400320213e-01,3.363989119985254739e+00,8.483542895807494322e-01,-3.216270535008658449e+00,-2.233429379912332813e-02,-2.347644926264186971e+00,1.992270689884390045e+00,-1.196713525512084431e+00,1.874787894298478808e+00,3.421551701881642704e-01,5.095730821790670495e-01,-7.474581655523859780e-01,-1.176983463280462994e+00,5.139975508228751266e-01,-6.755807049029776135e-01,-3.298399177674753435e+00
-4.690092918974245961e+00,-8.754850072693004526e-01,-3.089217788216690241e+00,-5.665942777189221680e+00,1.669154095149913752e+00,-1.187776341116096646e+00,9.866947632607748986e+00,-3.011730195550192946e+00,7.634842782188652421e+00,-1.635516881243170406e+00,-2.450224100784876846e-01,-2.106558801003178605e+00,1.962906551279845591e+00,-2.145583271098056244e+00,-1.185274760948096251e-01,1.746899640165529677e+00,-2.548808024482530854e+00,-4.060874124012776143e+00,6.322453688877726741e+00,-1.987939436593519904e-01
-1.556313358878896436e+00,3.178407527951785938e-01,1.019995006602081311e+00,-2.667628028359881664e+00,-1.858623828187722093e-02,-4.535913575912240425e+00,4.546139077590088284e+00,4.280246617593942982e-01,4.296271003293645308e+00,3.596971994788670246e-01,-8.980042169900388505e-01,-1.409497614993448611e+00,3.196998557048675860e-01,-5.433302281131726641e-01,7.246937649551631333e-01,-2.225757167676720716e-01,-1.238233398742776714e+00,-9.514941157335956579e-01,2.223477788042718117e+00,8.510281574105116320e-01
7.791235185313145628e-01,-8.772194653136560216e-01,2.583034376330775594e-02,2.279292706434334015e+00,4.082588638355590938e-01,1.343810479107488298e+00,-3.699663373035538605e+00,4.148208857141974515e-01,-6.894680576738383415e-01,-1.221182141113958286e+00,9.828843394366610919e-01,-6.800745106821031172e-01,2.218798803962430677e-01,1.233905844159912668e+00,9.636975512242792474e-01,1.040995395113165412e+00,-6.873895270057113205e-01,1.358951697954468241e+00,-1.743099040438860214e+00,1.032302797774379499e+00
-9.715165216441510321e-01,-1.963085748033664979e-01,-4.770053582308467210e-01,-1.162776458227628096e+00,2.653172395859887400e-01,-1.135897711533069065e+00,3.110515908054525269e+00,-3.923055152755924313e-01,2.911353545505565688e+00,-2.665519880153837118e-01,-7.970377111567107375e-01,2.913798996868945390e-01,-1.130608228078554267e-01,-1.000260975249527562e-01,-1.128983613117009677e+00,-5.434779154566913295e-01,2.305178688545582499e+00,-2.109691045246851804e+00,2.125104109403048280e+00,-2.122467168275250948e+00
7.551747452452801657e-01,-7.085127744869101907e-01,-2.375178820226271359e-01,4.233771613674688905e-01,3.058301518919681605e-02,-9.590724813174051899e-01,-2.131711924218786525e-01,1.474610532358469062e+00,8.426952639382407906e-01,-1.955138445697577110e+00,-1.169816013835908719e-02,-1.790755167350469024e-01,2.601767148573675414e-01,-4.196065214885554284e-01,1.225790165648101393e+00,1.405844838608915293e+00,5.914713862765721419e-01,-8.990659233286562024e-01,5.389227607522418806e-01,1.486383863732002153e+00
8.084937191931580447e-01,4.300659581104882556e-01,-1.151715414908547785e+00,2.187146338115963928e+00,1.845137273610192086e+00,-2.212471807672842239e+00,-9.747335395286187421e-01,1.894981141077243469e+00,-2.348397798005929626e+00,1.130764286524556655e-01,2.392009001994814366e+00,1.127055076999390781e+00,-1.622757939260422722e-01,-4.928864878441395758e-01,-6.895849147616899266e-01,5.276186031083389683e-01,-1.029933120305602134e+00,2.504399032448797469e-01,-1.833975325791991295e+00,2.537335081012634941e+00
4.470551867105597488e+00,1.173938924402874617e+00,-6.780712237475251536e-01,4.096598558974653415e+00,1.021379747680782657e+00,4.844657911611998102e+00,-9.627559779180350219e+00,1.585461910110610884e+00,-9.367683171929771291e+00,3.182017249425881822e+00,6.121899602137672591e-01,6.276064943205726721e+00,1.011672335745725793e-01,3.212740232342035540e+00,-7.834922931672724453e-03,-7.283593570964537189e-01,-4.056876370404703946e-01,5.067164243608770491e+00,-6.136612761288378515e+00,-1.922729143394781293e+00
-3.371994316994689989e+00,-2.340436381126260457e-01,-7.175259305317546743e-02,-2.820398538151208001e+00,-1.089859622456181620e+00,-1.239758723308622468e+00,5.274442143717192444e+00,-3.054486076785919657e+00,7.015818244313552832e+00,-9.007494577022302495e-01,2.060736286791598204e-01,-3.095031687833914802e+00,9.281458883578241892e-01,-8.498375135009250680e-01,-7.332886818359507508e-01,-1.691503009163459081e+00,-1.367203400583868023e+00,-2.134836468659523145e+00,3.703883769305549745e+00,-3.094237725685474949e+00
-1.081581007254113658e+00,-4.069220244473565895e-01,-2.268686157244212520e+00,-2.276600637637212987e+00,2.117379614831501833e+00,4.049434672825358295e-02,2.312881095040673962e+00,-5.471855181016106462e-01,2.731770852009664630e+00,-2.953432119000172218e-01,2.891784761276384952e+00,2.454397116978821458e-01,6.618917022608576950e-01,-1.285400599003153843e+00,5.112079873920619688e-01,-1.858798455070627131e-01,3.573139621473286898e-01,-2.873772331343995567e+00,2.817990241977023747e+00,-1.770964944350886250e-02
-1.064983127404526275e+00,-3.009827021949605386e-01,6.782952717874831672e-01,-2.527152337757863965e+00,-4.058980071778392484e-01,-5.599635142990770476e+00,3.278962368159535234e+00,1.850241000814020209e+00,2.860096409460632039e+00,-7.218400298434413109e-01,-2.018712431415714548e-02,1.297826783533487793e+00,-9.495280111264370326e-01,1.153075366987402761e+00,2.398148488615289009e-01,-1.177472946058734538e+00,2.223495351023333289e+00,-6.004783899680219417e-01,2.466987394624077012e+00,-3.971537479357229117e+00
-9.625982094810460188e-01,-4.995077784385364983e-01,3.345437728273089606e-01,-2.605872471864122186e+00,2.822710227363707802e-01,-1.514041196045764037e+00,1.453673294409600025e+00,-1.082479568910683199e+00,1.001530798656439458e+00,-1.753526439853524410e+00,-2.269127556936494372e-01,2.692330011692274372e-01,3.306112857234111413e-02,6.062882011283803052e-02,-1.565246025436677346e+00,-4.442318823360739133e-01,9.394143283588913818e-01,-1.634851437591633871e+00,1.554597448807174764e+00,1.287824316576356432e-01
1.077990377013550827e+00,-1.821530834458806147e+00,8.578082714791870345e-01,8.999083450104976567e-01,-8.449134020533951572e-01,1.193933878880460320e+00,1.222950160068203340e+00,-1.330355339007804893e+00,-1.046562756260617233e-01,5.185518554485825105e-01,-1.171083868762903268e+00,-2.156451041924636325e-01,1.365772129759996956e+00,-5.260861168407882094e-01,-1.443060902079360830e-01,-1.576815151817967664e-01,-1.345899887296447384e+00,-8.819486156639140262e-01,-6.781219292216578154e-02,4.122842271779297851e-02
2.383595881031985275e+00,1.621199726936267238e+00,6.493012439459119323e-01,2.274133517603717181e+00,-1.100908347710071400e+00,3.875468570391888079e+00,-5.459899088830368896e+00,8.750475445033242816e-02,-3.911463655984948939e+00,3.797130813771371294e+00,5.172413979623827762e-01,2.332751734274224109e+00,-1.376163036287169961e+00,2.784003837086848621e-01,-2.039102812599269843e+00,-1.294785439628525436e+00,1.449385037153090305e+00,2.246233257124073290e+00,-3.687894799329436868e+00,-3.900168589331937774e+00
-8.040222851352507583e-01,1.080257361596981935e+00,5.499728332852933388e-01,-5.015974361511100099e+00,-7.358461709679336993e-01,-3.335762991761186846e+00,3.988234885417674125e+00,1.136869514198072473e+00,6.218617722779678836e+00,3.301181789886835638e-01,-8.422481522174682933e-01,-3.049351719391895088e+00,-1.263960047889778560e+00,-1.287151683756813547e+00,8.042655845544905979e-01,3.018509201152088650e-01,2.402364658676525710e+00,-2.218270540653161760e+00,4.196890590717945457e+00,-1.193055338082876782e+00
4.644076589223509327e-02,2.987733361231272422e+00,1.295203811918535231e-01,-3.429149282540169263e-01,-2.633489948115992352e-01,-7.095381597582971267e+00,-5.925407109095861546e-01,7.299110693566033703e+00,-9.371819250736177498e-01,8.822080185508919259e-01,8.498899584886867586e-01,6.163099799333581430e+00,-4.232080139345031355e+00,1.661457629235843503e-01,9.303309260856170715e-01,-8.767970501687460949e-01,4.890509523546407777e+00,-1.617880379111588385e-01,6.921839816613667429e-02,1.355984603768020103e-01
2.921296498385816953e-01,-2.514441678956000903e-01,1.410374359251922005e+00,-1.174882024040587947e+00,-1.058865101443291490e+00,-1.346096590862289277e+00,2.423925648050502701e+00,6.959550709714292793e-01,1.447182151412666151e+00,-9.902060185925253277e-01,-1.850737788701062758e+00,-3.914935568979899472e+00,-6.987845946156093779e-01,1.138873349495784920e-01,1.181195289839904516e+00,1.373414675626748016e+00,1.808874646658354290e+00,-1.179594181713469747e-02,7.490492155142342012e-01,3.123780966266367809e+00
2.566865836196752682e+00,1.743521036465015273e-01,-1.634950249062042671e+00,1.288436826897122911e+00,2.128029767465321243e+00,-5.474209857087004139e+00,-2.828951735460558226e+00,6.435999570322325170e+00,-6.837018627159588746e+00,9.790622974667484435e-02,1.735607755148538711e+00,9.194779534798938059e+00,-2.144866314165490895e+00,2.733063637368393195e+00,3.152810388417075949e+00,-9.152688568834123073e-01,3.272265921109819953e+00,2.398765728426024868e+00,-3.010657253134757738e+00,-1.052808410474759704e+00
-3.824528928050232590e-01,-1.527610890492681339e-01,6.565085807282066144e-01,-1.577567665584831413e+00,-5.882962582064730217e-01,-5.346342650715659062e+00,2.017352477914791553e+00,3.894926391513385155e+00,-5.624929463624277481e-01,-3.087960035880927823e-01,3.013081686664952352e-01,4.008491734927112304e+00,-7.210594035215904807e-01,-8.632791884623239875e-01,1.872116275404205332e+00,-2.719605757104336385e-01,1.333494980219181336e+00,-5.877994815715569255e-01,4.115654231038042288e-01,-1.711520979746709248e+00
-2.462461237213376397e-01,-1.259794411055114027e+00,-4.560126245022426694e-01,-1.363482852549394053e+00,-5.267707384224675771e-01,-1.624762318465174049e+00,5.552478474671271869e-01,-2.612874720627460512e-01,1.026617944372646418e+00,-9.354871008912829522e-02,7.806080811828571830e-01,-1.029575700190015652e+00,8.151311499300011310e-01,9.385117166924858978e-01,-7.733759762724670139e-01,1.006446492422641947e+00,3.591973346727150851e-01,3.975727678428622180e-01,4.539266213120377591e-01,2.130034512908173916e+00
4.839305191488563196e-04,-6.721450168357889776e-01,1.706897852511535529e-01,1.818320509478211111e+00,-5.680759452460407699e-01,-5.490876321736062327e-01,2.028367741751248676e+00,6.052890338001608583e-01,2.537220656236279237e-01,1.367605877326436792e+00,3.009632702702131901e-01,8.868268003113555231e-01,8.452041655210955629e-01,5.106636070555770068e-01,2.077473655669806352e+00,1.262608481793793480e+00,3.438830564520218847e-01,-5.468940820614159870e-01,-5.412705984073128418e-01,5.930798277040364441e-01
-1.594563864228696559e+00,2.106054471152056240e-01,-2.163954560589870013e+00,8.597256772205458253e-01,7.820891696080950473e-01,-1.655012146378757709e+00,1.067028499920692930e+00,1.908580111918535271e-01,-2.231230799899210027e+00,2.409608105256037525e-01,2.468555796661398016e+00,7.795189638360244810e-01,-1.702970273135631318e+00,-6.351385146450743147e-01,-1.414218771756565962e+00,-1.419341961116780682e-01,2.896908046643861478e+00,-1.148209943385825049e-01,-5.317477097125260510e-01,-1.478300716851810581e-01
-1.941728434030653316e+00,-9.322594516949277432e-01,-4.905940406236724005e-01,-3.372791129247668440e+00,-1.189298418161358839e+00,2.603965638510648883e+00,2.007343277598720555e+00,-4.768794240240503690e+00,6.468948180861127994e+00,-8.613568028853223479e-01,9.758820100073452020e-01,-6.647411168913103907e+00,1.328764549126394634e+00,-7.332404900060823794e-02,-8.400726635608667392e-01,-8.367310481509714348e-01,-2.428487203381898940e+00,-2.275158919505023025e+00,3.996300969996946506e+00,-2.621661838934160604e-01
5.856911605089816231e-01,1.110408207037593131e+00,-1.387883839169135047e+00,1.200265472887460216e+00,6.094433972528752186e-01,-4.208366297025476488e-01,-1.928752054751791567e+00,1.241476621957528614e+00,-4.698530051875900782e+00,4.636961807156805282e-01,2.973129232372637709e+00,1.036105320112729267e+00,-1.597742226260527643e+00,1.429717630792846528e+00,-7.126228545532886649e-01,1.466621037277941131e+00,4.074666248754922115e+00,2.217535126082370134e+00,-1.549455817217804565e+00,8.955199400400445375e-01
-1.418565772581503737e+00,4.792449334204973432e-01,-1.927998059215611792e-01,-2.026691086826204469e+00,7.909401201270407911e-02,-5.967631323192263970e+00,1.410654547453281227e+00,2.872874066297103290e+00,8.944814095390251074e-01,2.035005742661415984e-01,1.489835739565359862e+00,7.916459429375610757e-01,-2.736843435300919669e-01,7.657100986258356945e-02,1.408773312275493517e+00,2.419558208461068671e-01,1.942586422385539635e-01,9.551071075696968005e-02,2.132263143202523525e-01,2.878831383778170383e-01
2.218627936697809278e-01,1.702083764776644692e+00,1.517478051370129144e+00,2.334747477523028136e-01,-1.525461116762298008e+00,-2.393303156001362897e+00,1.198100218365631298e+00,2.239188641232250809e+00,1.313804382563944939e+00,-1.108916147946548136e+00,1.769929833893297833e-01,1.629321783858014738e+00,-2.521501304997789905e+00,-1.131163748227345528e-01,-6.473368706586327681e-01,-9.923115259258604715e-01,1.263713638420783880e+00,-1.379634725872240786e-01,1.006767968637191923e-01,-1.052007701117615435e+00
1.339965798113805118e+00,-3.643836216847776838e-02,-7.065848060755135496e-01,-8.383732181825376273e-02,-2.396315011435226516e+00,3.328736939254042237e+00,-2.405422969651971776e+00,-1.216619954059238395e+00,5.327945541527182027e-02,7.439405455355321273e-01,1.638009850170936588e+00,-8.817547892196372361e-01,3.938238700020261218e-01,3.117945298801040321e-01,-8.293631254402943354e-01,-2.855332206726098054e-02,-2.805171235354359527e-01,6.712359603314492773e-01,-1.526158649952618518e+00,-4.509302108496381911e-01
-3.327026818598341151e+00,7.110802928088169050e-01,-1.299110738765812678e-01,-3.712461448090538241e+00,-6.149775164527683247e-01,-7.577550984130035694e+00,6.713977958614279373e+00,3.230632021058753356e+00,5.024454943921229599e+00,1.275515662797882532e+00,-7.768459734863084609e-01,1.300039183070111681e+00,-1.097774480847441447e+00,-1.889319588778659575e+00,9.412443634514079671e-02,5.393733917860832339e-01,1.266994568792998876e+00,-1.337234627972894607e+00,3.705399000727656933e+00,-2.214260050209164721e-01
-8.508966788152529936e-01,-2.021725345130251927e-01,-3.832742438320511091e-01,-1.876028501062400711e+00,1.714897625431580086e-02,1.776248205449083573e+00,3.091557406150962972e+00,-2.497827026375515569e+00,4.379743746034654883e+00,-2.930670740073025193e+00,2.654980104235969973e-01,-1.470556981682207276e+00,6.125558545386072806e-01,-7.616611710912634114e-01,-1.262151003493480417e+00,-1.532363897528572716e+00,5.211746720250250986e-01,-1.935179453256793636e+00,3.404138809695869572e+00,-1.880165501295403718e+00
9.536460537347818400e-01,1.398796596239866519e+00,1.397015668658636356e+00,9.876315203483050364e-01,-2.111906012122752418e+00,-1.213107742342622863e+00,-1.828600168731856712e+00,2.276717224310521370e+00,2.733773594352903569e+00,1.195157566831099416e+00,-1.388600602146875529e+00,4.315446982347753035e+00,-1.170224315924757841e+00,-2.009620468967991125e-01,5.943739118570645630e-01,-1.329742049511948299e+00,1.189630681145037450e-01,-2.935973498521370351e-01,7.858409609535538243e-02,-2.837186867707242044e+00
-1.249595217000615266e+00,3.144020266768611238e-01,3.735379633345998762e-01,-1.270657038748093104e+00,-7.847776299665834565e-02,-4.324821215803899221e+00,2.563346710304241771e+00,2.355568901518660496e+00,2.466673846015869920e+00,1.479755781608038889e+00,-1.038328812903398957e+00,1.342940119773633700e+00,-9.104082634750831904e-01,-9.017600502577854948e-01,4.238837496021702345e-01,5.142126926582150093e-01,2.980066245168610628e+00,-2.612058466230946507e+00,2.565011319017094227e+00,1.967831523691946582e+00
4.306184828160470879e-01,4.516870813837409182e-01,6.035436485256089334e-01,-2.406746202048958949e+00,-6.432487461340701262e-01,-1.354852698230586849e+00,7.600401882582668023e-01,9.073342647168269881e-01,2.757958925577817855e+00,-3.047146908133980814e-01,-3.684414363801081782e-01,-5.869885994028710696e-01,-1.653702178808066803e+00,-1.301417015327731797e+00,-1.244132763197120406e+00,-3.156845862367938516e-01,2.819491758337548948e+00,-1.559271329734664979e+00,1.723233453031665530e+00,-8.721090871351082630e-01
1.042944238504254217e+00,-2.464091667294374399e-01,1.113779726450293106e+00,-6.622180705262064038e-01,1.747242138730443317e+00,2.405399062034302426e-01,2.528548170203022583e+00,-1.276893044239152175e+00,2.364469077053596990e+00,7.833737583640265623e-02,-1.010904823153406351e+00,-3.888078614520842802e+00,4.919125763053480149e-01,-1.582693222180326043e+00,-2.655461818745393221e-01,1.765220446342327776e+00,1.690630982779127711e-01,-1.067851952465274312e+00,1.853430893639088861e+00,2.036018444225930146e+00
1.620604050191768231e+00,-9.357745194945948919e-02,-1.327641000743232658e+00,1.021015830209702102e+00,2.169496292305036267e+00,8.021471981126371276e+00,-1.648953295524864693e+00,-5.713232222492266921e+00,-1.796584764655693611e+00,6.477071322869839554e-01,1.838230932469313128e+00,-4.309982667772477072e+00,2.670013310544856022e+00,1.124972495813243434e+00,-1.390271349572032911e+00,1.346458158144770101e+00,-4.441133065031893423e+00,8.442268391935126015e-01,-7.948345864264202421e-01,2.327100223918533217e+00
1.181844503482170072e+00,2.997534718334218695e+00,4.276885087938746971e-02,8.973572581905882029e-01,-8.817375908943084761e-01,8.203857359376790503e-01,-3.808725570892025125e+00,2.164458255081783467e+00,-3.836004595481045776e+00,4.794696251924679409e-01,5.264888405804759586e-01,6.961822548596060756e+00,-1.930197955355373640e+00,6.987681529797896696e-01,1.400507564661905291e-01,2.614484531858439764e-01,2.035756281839911530e+00,9.544541876543738423e-01,-1.805235915560184701e+00,-3.790236938373550135e-01
-7.320496266264062690e-01,7.564779152549593322e-01,1.830229262954892855e+00,-1.884383361274617696e+00,-1.557650785707669794e+00,-2.334133214185430738e+00,2.990050984604727180e+00,-1.370602053870171755e+00,4.314888660202433890e+00,-1.548491175514342677e+00,-1.699380779976062517e+00,-2.563305193254740377e+00,3.637816910170751372e-01,-6.378937123230488115e-01,2.602749071089920374e-01,2.096609071500211474e+00,-6.174494605448175300e-01,-1.733903744800640911e+00,2.447267868130325041e+00,1.435787254512037148e+00
-2.273970925487558858e+00,-8.559260396581079844e-01,5.599596014641764485e-01,-1.358609488800868181e+00,-4.186916222370750118e-01,-3.514882476150269497e+00,4.093345647357515382e+00,5.884347479127780556e-01,3.215581594992840575e+00,-1.134451516934761095e+00,-7.823732223914182660e-01,1.328443519947036799e+00,1.281275663051079095e-01,-1.192448163504550740e+00,-3.946498907050079996e-01,-9.205260503474717027e-01,-1.084574888289851491e-01,-2.795443525300945087e+00,2.847921799273962495e+00,-2.191173431121967496e+00
-6.865245397502557356e-01,1.044296709049160166e+00,1.457967612800097901e-01,7.339850048536258331e-01,-7.722963092019790032e-01,6.312532346034123165e-01,-3.948343146941430404e-01,-1.450589300963212480e+00,-1.216468850619035535e+00,-1.862343765724960187e+00,3.762560225925339896e-01,-1.520577774119964420e-01,-6.396605802039179167e-01,2.254148561308291498e-01,5.465540179262121656e-01,6.994285235092360109e-01,-2.514517583818370872e-01,-1.098290912875431458e+00,-4.520075156601952582e-01,5.680839708255237541e-01
1.057295427995175618e+00,-1.756643975963807780e-02,9.786494618998788919e-01,-1.082007415951882878e+00,-1.495219619137006184e+00,3.177301540039155991e+00,-9.266269212551636603e-01,-1.758484836396245532e+00,3.115452790031796759e+00,-7.713768629899714346e-01,5.509355794075820878e-02,-1.818807094594652840e+00,9.913801950350333847e-01,-1.963467067892879225e-01,4.254827750418803574e-03,-1.381519335332154652e+00,-1.470568111244980436e+00,-2.114695393076205243e-01,2.499365034446856260e-01,-1.235556703716469196e+00
1.273008104432117094e+00,3.116936568370897165e-01,-1.831009594083644831e+00,1.242133326069025046e+00,1.018380337096120858e-01,5.236256660373138416e+00,-2.559890259859783690e+00,-3.341368142545716680e+00,-1.881101238322517410e+00,2.149066439886479607e+00,9.561059125461611741e-01,2.045663074060812270e-01,1.457118896211405223e+00,-5.243002780285020981e-01,-4.584022701698254876e-01,-1.106212817614357968e+00,-1.225378662622476300e+00,1.340887935204794434e+00,-1.624878148403633649e+00,-3.622640981958741957e+00
7.831184610867720775e-01,8.122017044651274054e-01,-4.390097883807829171e-01,1.001882879825098716e+00,2.650935425963228953e-01,-3.578065442937796270e+00,-3.215149017238887907e+00,5.855973261262023222e+00,-2.088071566607478058e+00,8.962586587237035829e-01,1.776881664552819817e+00,6.794417837242124669e+00,-1.916915169517522610e+00,-6.690473007004537065e-01,2.268303699048843658e+00,-1.873358709333539540e+00,5.680876458089230141e-01,7.362919545003283606e-01,-1.286094945641741871e+00,-2.983540556976855385e+00
1.467078251194810390e+00,6.449653150488384723e-01,6.538942304479579137e-01,-8.143995696747381441e-01,1.992225769693724002e-01,1.214239076943214979e+00,-2.378008779735409028e+00,-4.150036803989504142e-01,-1.897857162869506897e+00,1.568780360482089797e+00,-2.681119628023419521e-01,-4.977424147550943978e-01,-8.264436271534907341e-01,7.861595199147451973e-01,-8.603573452265665944e-01,1.485009339212436164e+00,3.523688630206403438e+00,1.601012263290863658e+00,-1.550440712506722996e+00,1.757949904595489388e+00
-2.251720401418323414e-01,3.044037695138683830e-01,7.432462190610600317e-01,-1.639891563483852899e-02,-7.361828700459721597e-02,-2.025591931405591239e+00,9.942189983138099985e-01,1.300493872365766634e+00,3.014905236152731760e-01,-1.668779501520251118e+00,-8.123457403825926626e-01,2.748664524951528243e+00,-3.330281148210402775e-01,3.239776876720427135e-01,1.208569864288865370e+00,-1.150352635853740368e+00,5.003299927364809330e-01,-4.762812874315618950e-01,1.483230637051920375e+00,6.301331006013140001e-01
2.688039980392197270e-01,-1.244282286266319842e-01,-1.691216981104678663e+00,2.695486034810412157e+00,1.126290942969325526e+00,-2.789166426219355177e+00,-1.059775742423980649e+00,2.220520892432145565e+00,-2.103606222602302900e+00,2.678384216724764233e+00,1.717308463956244813e+00,1.649552135321898483e+00,-1.439714611306122105e+00,1.127849086627931152e-01,3.929565224392586043e-01,-1.154864179646533916e-04,2.100388750828728668e+00,3.511857090091873301e-01,-1.615273278145456626e+00,-2.374773892509691176e-01
1.801451892031523005e+00,-1.699064847961342606e+00,8.893982463499839897e-01,2.805545367390004152e+00,-1.079046874689423952e+00,6.542632563568502313e+00,-3.836438733404309076e+00,-3.688516793354129852e+00,-2.815418809044306414e+00,7.777841895094501634e-01,-1.348089330561647259e+00,-5.214530351883540860e+00,2.524761275638407465e+00,1.275576754001470359e-01,6.371182212619709295e-01,1.135407272026828673e+00,-3.652705003805913009e+00,7.734059960022902080e-01,-3.172805669761349812e+00,2.145701192258570700e+00
-5.130749946623007762e-01,-1.105333567423754104e+00,-1.536620070845859276e+00,8.141764962619343349e-01,6.514800875056836471e-02,3.303758622113661225e+00,-8.425259637059616669e-01,-3.154579171689505301e+00,-2.370962803357043125e+00,1.411215475770787597e-01,1.375544771042966907e+00,-1.017577989599116162e+00,1.464310852150848774e+00,9.996667619096303303e-01,-1.618215060468158217e+00,1.139659782917306741e+00,-3.560975773736511751e+00,2.827747247458300972e-01,-1.776861151257968507e-01,8.988581677447080587e-01
3.635457269496379151e+00,9.962279283945135733e-02,-7.441116652127133246e-01,4.800915796984041251e+00,1.590810152946742662e+00,2.970079697944790542e+00,-6.569934065929145639e+00,1.759635240859238170e+00,-1.014716691407710059e+01,2.384017460497256380e+00,3.634369519006873661e-01,6.193953864338731741e+00,-9.114365652780945792e-01,1.150405624799504922e+00,-6.028718759447097009e-01,-4.188235016721028048e-01,2.404226418149855604e+00,2.028091039040837540e+00,-5.679203525058408530e+00,1.423738722465194839e-01
2.492930006551064004e+00,-5.361955636021766836e-01,-3.359179720242536082e-01,2.750827437857680025e+00,-4.289600000656591527e-01,4.685601720444700469e+00,-3.829037920186272981e+00,-2.898486642593951057e+00,-2.610435989282096525e+00,1.367008052703227561e+00,-2.330110603465130881e-01,-1.790614701744691173e+00,2.183316884304580263e+00,2.060374095511077197e+00,4.654262887786374536e-01,6.659582764418825462e-01,-2.044854334344103464e+00,1.980019004399621085e+00,-3.362872253428060620e+00,-4.333880778079935991e-01
-5.113248449266816209e-02,4.246564490358717414e-01,3.735171037579391728e-01,2.347913709606736621e+00,1.114650834439542493e+00,1.881629005763041818e+00,-1.867364603472077444e+00,3.016944722024307302e-01,-2.421490375051787769e+00,-1.389432468597957770e+00,1.464619885696346380e+00,2.956168042469686230e-01,-5.114229305463393604e-01,4.827033697832035231e-02,-7.778356355020359381e-01,1.569688215003259835e+00,1.367485561194042631e+00,-2.643302697669971946e-02,-1.452685999483929402e+00,2.641124314170862242e+00
2.343834971753543606e+00,2.414275865018531905e-02,-1.177878846570722393e+00,3.128443379890616605e+00,9.537668087891677526e-01,3.108421229433753208e+00,-3.656860926843200854e+00,-6.749787210922313374e-01,-4.313594181268205041e+00,1.942160525342248034e-01,8.480691612217536868e-01,1.725515498972582051e+00,3.518508160943304430e-01,-1.223773117114199449e+00,-6.887208479272626249e-01,-2.362098919081531689e-01,-4.552641593539213383e-01,2.058941054164804552e-01,-2.399070323165742646e+00,9.776894425239710529e-01
-1.934412078706536420e+00,-2.679983606561227027e-01,1.511710308400824876e-01,-2.644800369439714416e+00,5.223311851638765546e-01,-5.650814431155697370e+00,3.384517367533488308e+00,4.362774973985819926e+00,1.556001945713332502e+00,-2.300433925671439894e+00,-1.694863527574573592e+00,2.936094654657694036e+00,-1.097171143530326631e+00,-1.384834379821496375e+00,1.269298887909092732e+00,2.465797101801057989e-01,1.606167020144108282e+00,-2.011930650384044394e+00,2.519088924488680270e+00,3.497933210232723189e-01
1.044993097837069174e+00,-7.102421604963493618e-01,-5.645740053219213683e-01,-4.306709657748492015e-02,-4.851321377898844545e-01,1.023675407169368778e-01,-5.158986838812228415e-01,-1.325392433362215128e+00,1.002052246010277425e+00,1.556762698449295268e+00,4.499579530500600333e-01,-1.918807591315066174e+00,7.503571319582962307e-01,4.758164074182253400e-01,1.521677263092077181e+00,6.546995555651994314e-01,-6.913910432123211436e-01,5.251126373142159798e-01,5.752094930445017518e-02,-6.094099630158882341e-01
-1.691821913887287865e+00,-1.457220300185436912e+00,-4.070134591913657229e-01,-3.513112719706233733e+00,-5.575842573591702767e-01,2.421921443256690232e+00,4.776558298244474088e+00,-5.014815353358495820e+00,5.760167870707056714e+00,-1.200492145305588787e+00,1.476570806149909432e-01,-6.245900797660066672e+00,3.363951240211591642e+00,-1.799419791420671988e+00,-2.797386033933412786e-01,-3.805322916080390860e-01,-4.443205990340505451e+00,-2.081298549343125526e+00,3.262758105386684537e+00,-1.522547655206658301e-01
8.368190670397698261e-01,6.121078209452134322e-01,1.392172441440027608e+00,2.963696250424342482e-01,-2.133124719409868142e+00,-3.157748518405582683e+00,-4.124117110670691977e-01,2.311677805061944202e+00,1.092415609911851160e+00,-1.070150378276880865e+00,-6.876002867746464631e-01,-6.285045971431368894e-01,-8.839471348998775291e-01,8.954766800101537395e-04,9.231642904706829356e-01,4.319285923602906863e-01,1.313435460167888369e+00,8.993325511574151720e-02,-8.161858206497946133e-02,1.768080668442811865e+00
8.895224165314545850e-01,8.897895756332988570e-01,-6.311435871127011321e-01,-7.550884553666825649e-02,1.486612706303728215e-01,-3.202401638415271812e+00,1.982014427591738404e-02,2.204211067532316548e+00,-6.162226576799574307e-01,-6.914964624298720886e-02,8.873563067039659247e-01,3.558306347287108373e+00,2.882596667742850505e-01,1.702085394402395313e-01,2.156059583113753675e+00,1.803861949973899925e+00,-8.540295105943129794e-01,1.371655901944782152e-01,-7.707304322940404795e-01,-9.453051784153250203e-01
-1.330216006852088961e+00,1.094956444288827324e+00,-8.243353869810509105e-01,-8.156514260378647796e-01,1.611253233719561084e+00,4.671453478033070761e-01,-1.805817429199759960e+00,1.329189243730438008e+00,-1.271205201982104516e+00,1.600167666738527839e+00,1.837483986027347083e+00,3.114818353575230514e-01,-1.968658268204073858e+00,7.953627394550976115e-01,-5.334477014686941354e-01,-2.641667095916244157e-01,1.813788727135807743e+00,7.534840333347205821e-01,-5.551282117167103403e-01,-8.090512557718931852e-01
-6.731036961836487365e-01,-1.260393760115915640e+00,-1.065077700649923020e+00,-1.980067830424832032e+00,-2.372210517561971210e-01,1.742099058215794916e+00,1.922457312355684067e+00,-2.152400787160190010e+00,1.171799500261048177e+00,-8.494667134420630372e-01,1.221948279616543287e+00,-6.871017730746113994e-01,1.245188127356981367e+00,-3.479323044835722079e-01,3.306093091413319640e-01,7.116135856290318751e-01,-2.996326229223629234e+00,-9.903722043722438251e-01,1.516898834226185100e+00,1.901744084275676094e-01
3.603654732197388633e+00,-5.686832150530310992e-01,-3.729381857368130881e-01,1.347462839802259449e+00,-7.099263132034157042e-01,5.539888764342499883e+00,-2.269017164888508020e+00,-3.408280635530560154e+00,-1.499402951683573626e+00,1.012736928939558689e+00,1.370056051024568067e+00,-2.562680301303665864e+00,7.729938054677238934e-01,1.192565454639518512e-02,-1.181786520580390132e+00,-3.723824375782885943e-01,-2.121017902529563237e+00,5.411538168583558406e-01,-9.168563534797639081e-01,-1.253306324676151107e+00
-1.455314249373533153e+00,1.034979092591739702e+00,5.156663511775244624e-01,2.710546322677550579e-01,-1.315488437634765861e-01,-1.493634993880406547e+00,1.808216410411858543e+00,-6.380962519989455961e-01,2.144581309941878455e+00,7.804052253168864972e-01,-1.623314177667087188e+00,-1.635735635334184535e+00,5.914135818379517850e-03,-6.565772308108021038e-01,-7.277109651734198215e-01,7.367053331343088596e-01,1.850607116239787464e-01,-1.190248852529673940e+00,7.684339040336034543e-01,1.760162045859202884e+00
2.739976341699452700e+00,-1.663491811526710273e-01,-2.567111743488614817e-01,3.515743701837957147e+00,-1.137674716286059651e+00,1.610229297173438878e+00,-2.955594925697245134e+00,1.863760512408060288e+00,-2.671501304478168137e+00,5.820257596265197009e-01,2.347650669253820710e-01,1.023490650206924535e+00,3.040915958038356570e-01,4.124913886163158461e-01,2.746902537478736583e+00,-6.397866118920377820e-01,-3.462702402491538711e-01,1.851956229538483267e+00,-2.709761868140450058e+00,2.306687451536367783e-01
3.501356906760879184e+00,1.010744934407443285e+00,1.124885674244391121e+00,2.468874618061085435e+00,-1.436218219660811091e+00,2.537171813784953933e+00,-3.595621209837348786e+00,-1.197175404657225606e+00,-2.016460197752429018e+00,1.565799828441214236e+00,-1.357864994784578450e+00,1.208571724540263403e+00,6.613718200852272133e-01,6.180428038788784439e-01,-5.148710280488065782e-01,-1.628567417474806822e+00,-2.320852847616390768e+00,1.360047427350492555e+00,-1.964798983874781024e+00,-9.660019038131736346e-01
-3.354530022050178584e+00,-1.445815303147609310e+00,8.277303310805336212e-01,-4.259064856208876648e+00,-1.419890814849110727e+00,9.691933796505157739e-01,6.331196346261544150e+00,-4.782880612279007515e+00,5.769472146536112511e+00,-3.883728252250724378e-01,-8.166077092833405882e-01,-5.143038321747641639e+00,2.673584747438905840e+00,-1.264428537075183989e+00,-1.220658121996793355e+00,-3.708217089295312019e-01,-2.685156905021205631e+00,-1.893938512281769793e+00,3.333787123934797592e+00,6.991950927008052652e-01
-1.716255936257772508e+00,9.059506565132500189e-01,-1.704410117743567321e+00,-8.388616527317014349e-01,1.302291500182930717e+00,-2.771196872566450420e+00,3.413958438353009051e+00,6.581352263873208042e-01,6.741431186847226531e-01,-2.185223954896520215e+00,2.215622135027876194e+00,2.271921279776366376e+00,-4.244336032324964036e-01,-6.775300393047244407e-01,-1.469470489026515891e-01,-2.329771505334894133e-01,1.186839791022127999e+00,-2.157535089758206848e+00,2.176046176025900891e+00,-5.808883493166505652e-01
1.134465171738320066e+00,9.551514999650168036e-01,2.241013700151003984e+00,1.721634857934230656e+00,-3.089429656130229240e-01,4.443813949279699083e-01,-8.514166543856154235e-01,7.987519107041607391e-02,-2.611158981102970067e+00,-7.228058360574390884e-01,-2.100122247910880535e+00,1.257513269237072517e+00,-9.950117157464074547e-01,-1.169003178072661298e+00,5.419853597354299390e-01,-8.194307517162403576e-01,-1.023976468077949731e+00,-1.963901043516281586e+00,-1.677465751812960981e-01,-9.990571719895162683e-01
3.010650945769439701e-01,3.083562583444284799e-01,-4.078281260120389384e-01,-1.447459132184349073e+00,-3.271418830762902186e-01,1.624048825534804230e+00,2.947506379881340788e+00,-3.364671049772100631e+00,5.074118420818020780e+00,-3.297542991207188301e+00,-1.072387524909251155e+00,-6.645002291783967507e+00,-2.620938532465495463e-01,-4.501880069345651214e-01,-2.400201196917232327e+00,1.239192606872305369e+00,-9.468467372673321503e-01,-1.970724915251146792e+00,2.716441760797456251e+00,2.995136012691419047e+00
-3.654079698323755565e+00,-1.297321702316370562e+00,2.197536419235109673e+00,-5.656265642721000297e+00,-9.625159170137493891e-01,-2.129899350845997130e+00,7.161688695447530506e+00,-2.682810645361814572e+00,7.416686125879350833e+00,-2.255343625092681048e+00,4.233475455285837796e-01,-2.859688329590949429e+00,1.492855919224173933e+00,-1.405658364885926215e+00,2.796716354088935041e-01,-1.075313371564755816e+00,-2.094041695929394820e+00,-2.726977544501442363e+00,5.575686257507400434e+00,-1.012309461964087554e+00
-2.212359208661100141e+00,-7.734980690761352751e-01,-3.894143955359984921e-01,-2.182949870161279282e+00,1.017128099804399888e+00,-4.768915164299544429e+00,2.764399009158291065e+00,4.262118421746629693e+00,4.624568951856613097e+00,5.325181258679467788e-02,-6.702109308235824070e-01,9.241949928869908071e-01,-1.936264802319846989e+00,-1.182755297449592513e+00,1.163235506388372142e+00,-7.991008439013737030e-01,3.216038268067804573e+00,-1.256192518833240568e+00,2.239969128196046988e+00,-1.825913863151616967e-01
-1.514227831723923501e+00,1.249955332998661239e-01,-1.145535432689808619e+00,-2.191413496432275565e+00,3.047567711165591220e+00,-6.383203467146042476e-02,1.111535049437450517e+00,-2.150179672609210391e-01,-1.356973808257126990e+00,-1.565282939097893289e+00,1.343975419988709952e-01,3.128337046392907439e+00,4.660279995554760801e-01,-1.041212926255578930e+00,1.267406981270962296e+00,-9.051001821472565156e-01,-1.275265674434470808e+00,-2.107397893341643513e+00,1.306687627958665887e+00,-4.344085499209959234e-01
-1.839081649140999808e+00,1.378685169703543156e+00,1.030028913406450641e+00,-2.555223018611120001e+00,-1.008274441755215411e+00,-4.201579725796684706e+00,4.413683096863931787e+00,1.979151980291913304e+00,4.800734753313289360e+00,-1.171517292348760897e+00,-2.086845639996425250e-01,-1.189578936101992168e+00,-1.475624167592208380e+00,-2.121162266135735219e+00,2.420991376954188118e-02,7.253095367269799532e-01,3.961116359904233164e-01,-2.269343140433367711e+00,3.565950274744833060e+00,6.108703826430570416e-01
-3.283947367465556155e-01,-1.047737448429060914e+00,1.583167607683670375e-01,-2.016528810869182564e-01,1.093839188213052482e+00,-1.877665798196903157e+00,-1.240072954010043027e+00,-1.529520803803653337e-03,1.212618426917656977e+00,2.288543317239151165e-01,3.661278550142408328e-01,-1.802307073985758956e+00,-6.020136523607794166e-01,-3.333545523614980244e-01,-8.671040994503507182e-01,-4.213006347406866858e-02,3.045917003008101753e-01,8.643928009927986933e-01,-1.297472889899993209e-01,-6.216784921204336900e-01
-2.125513059234700464e-01,-8.766221943976165720e-01,2.434362319098870298e-01,1.822205546636319617e+00,3.395773123424572493e-01,7.315474414091804878e-01,6.099983098687818961e-01,-3.130711519052031822e+00,-5.532129803823742087e-01,1.353030860563464444e+00,1.159080256831372724e+00,-2.797119840333059937e+00,2.022579660928270684e+00,2.497583862477315009e-01,3.843314728556749826e-01,-1.573932256738466984e-01,-3.226955301411523980e+00,7.126931732660120034e-01,-9.100115385476463814e-01,1.221088984075501926e+00
-2.245598780706442810e+00,2.451341289170218207e+00,1.072617886800769416e+00,-3.293626707275490340e+00,5.895003567833601021e-02,-4.204800436861029667e+00,2.875358516891125760e+00,1.190454482178379347e+00,4.251597438394263406e+00,-8.473916484028662932e-01,-1.173335792703102509e+00,2.883833672822520455e+00,-1.617055011338321968e-01,-4.318591276529256118e-01,3.602037696114722687e-01,6.522923972136489557e-01,-2.616051943604430496e-01,-1.812879958055272578e+00,3.056682367477057571e+00,-1.888263780499777056e-01
1.416101809948985935e+00,-1.291165037617874711e+00,-7.213919143978431148e-02,4.970604573370822621e-01,7.891448924872372928e-01,2.725734032354667935e+00,-2.435672559919020763e+00,-2.784049819058173281e+00,-3.794108986887029467e+00,2.249530078915743303e+00,-1.060854862508123775e+00,-3.713460426384767477e+00,2.104710723952666340e-01,1.192839092705213710e+00,-1.567273838155013532e+00,1.340651568759607115e-01,-1.034026540640348379e+00,2.795972672790956182e+00,-2.408219372319369000e+00,1.368102738396433704e+00
-2.741010573339822898e+00,-3.350671691849438361e-01,-1.017411536634280411e+00,-1.717851306222310637e+00,-1.177906760165681632e+00,-3.398056032654487524e+00,3.605649439892181007e+00,2.435492148435310922e-01,3.630718332034574392e+00,-8.673185473271535217e-01,6.130835203531491695e-01,-6.052132930600213623e-01,2.951038647074775145e-01,-2.393714074259199742e-01,1.153410685985021056e+00,-4.034604387544973303e-01,-1.169867243530835488e+00,-1.660288082462451964e+00,2.685414532938365184e+00,5.941419665542080342e-02
-1.419681946438949183e+00,-2.373618226927873276e-01,-1.803039372184697786e+00,1.359593997903539186e+00,2.335978331490747628e+00,9.736022624366797995e-01,7.303829464282356465e-01,-1.307909351459356717e+00,-2.865078457327620676e+00,-8.413589875534139839e-01,6.284994046934611056e-01,2.881474098909809101e+00,-1.504220455980403715e-01,1.726474121693158725e+00,-1.988716164439868983e+00,-6.816576539623165898e-01,9.775456319794664228e-01,1.120019227708574538e+00,-4.725666744292789101e-01,-2.201732981057908933e+00
-7.446966739923088774e-01,1.463398626187078611e+00,6.787130501495456381e-01,-1.630899511709719585e+00,-1.651123357566290029e+00,-4.293376623008661852e+00,3.282772982236634274e+00,3.515090816304908383e+00,3.453104958799549706e+00,4.291423984160103178e-02,-1.474353481822896494e+00,1.410187800679478576e+00,-1.004232956432748569e+00,-9.263510181916402297e-01,1.254034149302626799e+00,2.370801151353883363e+00,2.107110583963316408e+00,-1.313307596197713201e+00,2.954882776825592750e+00,2.279544005640508519e+00
-3.515999620456641939e+00,-1.383106899394957345e+00,-1.696524580718172803e+00,-2.654002010134488110e+00,-8.278441143060268903e-01,-2.483909397914491279e+00,3.973257107411503952e+00,2.903305627819490198e-01,6.376598422176750880e+00,-7.169291651350451211e-01,1.734084340611727892e+00,-4.996096074117788000e+00,-4.795138152925171315e-01,-7.833793035798645166e-01,6.644417887896404418e-01,-6.827874776466008599e-02,1.640403407156965088e-02,-3.293981875661049052e+00,4.260188565451853648e+00,1.481215359126577091e+00
-2.976881662008620921e+00,-1.331372901910472972e+00,-6.986526619611754807e-01,-3.570360205514332641e+00,1.072437785578055802e+00,3.500333450869541174e+00,4.286108245219065083e+00,-5.478317113227451074e+00,3.925816776257313290e+00,1.396867781109547568e+00,4.138298268682619740e-01,-8.443247028675287424e+00,2.925398945147286156e+00,-5.028873786967149595e-01,3.288166456915199432e-02,5.685768515778379800e-02,-4.972921322895221152e+00,-1.008228452632867089e+00,3.341157422371619390e+00,-2.117079762657327335e-01
-8.593862850485084470e-01,5.342752662944908471e-01,3.239936022287211864e-02,1.686807017416221965e-01,1.177383768347978421e+00,2.203986942446263697e+00,-1.035962049983816247e+00,-4.228690933237950755e-01,-1.818821432279491557e+00,3.038937551714625263e-02,1.460936572720468174e-01,3.864726262876728713e-01,8.735951961681932554e-01,-3.728447776332176056e-01,1.671339574480824597e+00,-8.472425804183053577e-01,-2.827131317982586989e+00,1.562773964994323417e-01,-6.105458890435682129e-01,7.593297735349640032e-01
5.765509888054842769e-01,-2.554621367807188292e-01,2.528094146018932675e-01,1.118392729608649994e+00,-1.575126797006666524e-01,1.789314697073639104e+00,3.011401522031920130e-01,-1.079908660215393335e+00,-2.624033305721615306e-02,7.573870346998488046e-01,-6.071493391925639749e-01,-1.133889577391123726e+00,-3.041745677206941778e-05,6.710067702449566962e-01,-1.369772821753122427e+00,-2.468166061648059628e+00,1.185870276968185921e+00,7.024508543863181576e-01,-1.912687230822635032e-01,-1.635012434036567486e+00
1.501800538600793766e-01,2.060860184799380157e+00,-4.857508518349530902e-01,4.187600782249445430e-01,2.933113756160769525e-01,-4.410492756376024559e+00,-5.968259766770722674e-01,6.050276694687498846e+00,1.249780344195324133e+00,6.976640083250292834e-01,1.995379895570905948e-01,2.576584116059459806e+00,-2.981062427947115179e+00,-3.174516956538829815e-01,1.795152900513352190e+00,-2.422766271950246852e-01,5.422885828352227655e+00,5.265671066643190512e-01,-3.679327518671466901e-01,9.704587267279951579e-01
2.355358310215732054e+00,-5.983307902168187864e-01,-6.847439463018660799e-01,1.829538468300909493e+00,6.087081400694243083e-01,1.823295247785441831e+00,-3.156564240243040054e+00,-7.493361009595360667e-01,-3.594567567181923717e+00,-6.832041682780538583e-01,1.423580437663443998e+00,-2.288932567680896035e+00,-5.460283521221479530e-01,1.389094799317070361e+00,-1.870202800464224602e+00,-4.902930150326756040e-03,-3.752200921979764736e-01,1.719908769207244781e+00,-2.594997491978733084e+00,2.534807698533005915e+00
1.396538700887717255e-01,7.556433868914056440e-01,4.936488358453979819e-01,3.680707985240609936e-01,-2.238537720025468025e-01,1.449219628948383409e+00,-2.329451320641442003e+00,1.009729671852733324e+00,-2.968453047130383382e+00,8.547733660312790693e-01,3.805656105623385077e-01,5.135861422070329141e-01,-1.499071673328139287e+00,4.227692594271310056e-01,6.569933378442015526e-01,-8.450678104830393611e-01,-8.452362634271786135e-01,2.106481485962700795e+00,-2.553398401283214714e+00,-6.230164658565808811e-01
-3.126677040981777900e+00,-1.281960099288162569e+00,1.995389184182167597e+00,-1.646956825916729983e+00,-8.664514626743016201e-01,-2.115424923123771173e+00,5.299998060300535663e+00,-1.243485539330994039e+00,5.134604522218660705e+00,-3.798918555130903485e-02,-2.072378582156372051e+00,-1.195021680931871444e+00,1.699732051625873597e+00,-1.236622975820699466e+00,9.558414397150845065e-01,1.610150927862923076e-01,-4.091405232903939648e+00,-1.828358080136136765e+00,3.192238984339820007e+00,-1.443666700206334141e+00
-1.195605893769436712e+00,-3.155478511166112665e-01,-1.435402583619227679e+00,5.766772415457719347e-01,-8.451085911343680923e-02,-7.798851763122067737e-01,1.250074693511844082e+00,7.223082431491478772e-02,1.498236637800264059e+00,1.233515933993455382e+00,1.517171684444515778e+00,-3.109500320661053308e-01,3.749141765958349248e-01,4.233067661266284309e-01,-9.368757850461536529e-01,-6.094348879331498159e-01,1.095675393456587710e-01,4.869087253429649209e-02,8.692623549298551522e-01,1.211396029811384611e-01
-2.429739875386151216e+00,-1.092921460566815606e+00,2.982464167336888461e-01,-1.317003916719396983e+00,3.201280265681210602e-01,1.710131963735751937e+00,2.990943042582475009e+00,-2.200095843808359763e+00,1.558362082560549089e+00,-1.978220148180329208e+00,-1.404026561906926762e+00,-2.444399352504891709e+00,7.442019548520364403e-01,-9.871259037833123307e-01,-1.587228322712151085e+00,1.370071105840903414e+00,-5.970698856031049218e-01,-1.675132095826805223e+00,1.393545330666448256e+00,2.951226222248701347e+00
2.201335643780394591e+00,1.674832236094425941e-01,1.256393019010675349e+00,4.559186495157211638e+00,-2.527116850236815981e+00,4.280431297289625903e+00,-5.857234469740613569e+00,-3.787528920048160996e-01,-6.103984594465204694e+00,2.714949454826373731e+00,-1.269345493928542679e+00,2.821921002083064955e+00,4.319512479908807490e-01,2.176240967631719592e+00,6.278894689158012743e-02,-1.981096444917035404e-01,8.639320473456554295e-01,4.227053830941510881e+00,-6.319282418975600280e+00,-8.728384984828714555e-02
1.372664763901677354e+00,-7.347146048717592692e-02,6.536452895930348062e-01,-2.199864193396534162e+00,-3.090208995003526304e+00,7.486012555512355782e-01,-1.564036396222661551e+00,5.347287454809954710e-01,2.793995059693570759e+00,9.411119277833346342e-02,3.553262914753649859e-01,-1.427433056439625370e-02,6.512799427677699038e-01,1.024930288332428940e+00,3.116141921881669385e-01,-3.833727020650071760e-01,-1.106269519662557599e+00,1.724809766500936536e-01,6.727625565349404368e-01,-4.589322631047943468e-01
-5.472547729727165189e-01,-2.406790295886637732e-01,4.719565132502806515e-01,8.566560146099728712e-01,1.389952845337826259e-01,-3.190051730294417798e+00,2.785375703622558485e-02,2.329798777453761627e+00,-5.599094042842474028e-01,1.124787884776768943e+00,-7.667855659089197751e-01,1.244775619777183540e+00,-9.649037373955651753e-02,7.958456065891265085e-01,1.098647319571532943e+00,6.279968190563648411e-01,1.799780161709051418e-01,1.006124327644001282e+00,-4.052831785434836132e-01,-9.620413789404979044e-01
-1.040835712483114461e+00,1.417527198669081168e+00,5.305662632973396908e-01,-2.025039579792450084e+00,-1.011550354425210241e+00,-2.294418694094341404e+00,-7.325432684262178640e-01,4.579376399667772546e+00,-8.095764193933885355e-02,7.742176269625915541e-01,-5.247445170776199319e-01,2.449061208727338013e+00,-2.871585063604467081e+00,-2.194292247777367977e-01,-2.629059075248497135e-01,1.189366797986527169e-01,2.503795008136088907e+00,9.269045022302572212e-01,1.057949171362844165e-01,-2.443061034665242881e-01
1.482743897281622480e+00,-1.482209321875677110e-01,1.023815559846084522e+00,5.066270784171332586e+00,-3.709413205647708600e-01,8.286560537783906888e-01,-4.912310489444836392e+00,1.001108559454956248e+00,-5.868902458777672138e+00,1.035038429339613320e+00,5.842644536780801090e-01,4.698716411589600739e+00,4.112870214524442236e-01,7.378791887267889260e-01,1.700213286297195037e+00,-1.089779611714522867e+00,-1.126981745819834124e+00,2.297898955156757239e+00,-4.703104562560826984e+00,-2.511125544182231550e+00
1.537588453746136508e-01,-1.009074058952460495e+00,2.741873554411663472e-01,-8.045790799476654209e-01,-4.477823775941264239e-01,4.045087046155040333e+00,-1.244603972778739465e+00,-2.879907242593955807e+00,9.758348772259586301e-01,6.606389729248944853e-01,-5.540979683751149354e-01,-4.313884913923541120e+00,2.159799241443623785e+00,-1.146977300598717386e+00,5.321174438827191988e-02,1.176250316601659351e+00,-3.458405867692211810e+00,-7.717393038773351366e-01,2.418763268009430645e-01,4.948765347785542001e-01
-2.722607968165850489e-01,9.185501606242862938e-01,-5.978839707777195978e-01,-1.603101598918775794e-01,-2.656637616003683644e-01,3.079116671255210935e-03,1.901346296239569522e+00,-1.507289833468773210e+00,2.380118699518110503e+00,2.308567080052984499e-01,-2.352771506420701098e-01,6.464694050788276636e-01,-6.757801973188286571e-01,1.087077294501781616e-01,-1.227923593147998371e+00,5.689795821983573143e-01,2.263994364100382350e-01,-1.026048892143126112e+00,1.160058511003149384e+00,-1.144300239331486724e+00
-2.741692420870245339e-01,-1.558915396657547303e+00,8.001209084202480781e-01,-1.499209666311583367e-01,3.111998308059260587e-01,2.941006019707855135e+00,-1.335362740708283091e+00,-1.717621315901354251e+00,-9.838981053753024231e-01,6.795733353320221326e-01,-6.960804570229924826e-01,-2.319346606251928566e+00,9.798960072974491897e-01,3.021131717070579814e-01,-5.608306618937469734e-01,-1.044669612910034823e-01,-5.228290964006535591e-01,5.627543688164231561e-01,-4.021966412577677175e-01,7.170462404183045591e-01
-2.355670201090956262e+00,-1.888599678922229685e+00,-1.121771676200645634e-01,-2.979034942000972075e-01,-1.699201515316252520e+00,4.211222185628000325e+00,2.275687834770814710e+00,-4.874274424911852144e+00,3.422518211385134457e+00,-2.288418071599013448e+00,-4.927111919852144584e-01,-4.641873833356986445e+00,2.683804893150958826e+00,-1.317292904655665842e+00,-7.091699775233258896e-01,7.256003292374161306e-01,-4.705311241942732536e+00,-1.986309145987818825e+00,1.336301217033336153e+00,1.734974915706040122e-01
3.109469460062914248e+00,1.380722592541530958e+00,-2.894608447370257687e-01,1.449864982842132388e+00,4.932543255768317425e-01,-3.905232655483268367e-01,-2.465326810101837740e+00,3.092642925132537801e+00,-1.297621170007574598e+00,1.102737768900492465e+00,-7.658808665169334340e-01,5.346470647661226927e+00,-8.056845856983513299e-01,1.169711325205584407e+00,8.397522404955358455e-02,-8.782693514790192169e-02,1.385608776697710987e+00,1.286951913956644988e+00,-2.324568434132475492e+00,3.880892857912320304e-01
-3.537330256015581487e+00,-8.307819209224187595e-01,1.209732203400066819e+00,-2.488141747643091151e+00,-1.453669903820190568e+00,-6.602858074313269210e-01,6.680729609294892235e+00,-2.150716593951287781e+00,6.544251849560660084e+00,-3.974666800088856533e+00,-3.522615858019661594e+00,-3.501917270359757861e+00,3.002520975059199682e-01,-1.036139973500324274e+00,-4.265042730904931578e-01,-7.799831360986239082e-01,-2.048841111677524918e+00,-2.984840142673192087e+00,4.874782380334567122e+00,-2.639106330753150598e+00
-1.735414655784019100e+00,2.030581234946407410e+00,-7.775410681687857650e-01,-4.831675799064964139e+00,3.397782082563731154e-01,-8.406444917865085742e+00,5.248676101904285574e+00,3.975446147817238263e+00,3.998924327708458293e+00,-1.432072909497853930e+00,5.400564654651487384e-01,2.107236111838523662e+00,-3.198191375381552071e+00,-8.257049450254403400e-01,2.911877474684673034e-02,-9.459218396935852036e-02,3.734853299209479172e+00,-2.110175659636639445e+00,3.416748923488943213e+00,-1.994525011356320376e-01
-3.731864320213498232e+00,-3.233239624135032519e-01,-8.956835178139161968e-01,-1.553012419616188300e+00,1.616346301580484646e-02,-4.400504231880538519e+00,4.141773365605824431e+00,1.829248628715042235e+00,2.240799497750870728e+00,-1.180347703627359079e+00,-6.177761296267982871e-01,-5.029280854716835503e-01,-3.947840073758834833e-01,-2.327759860869317965e+00,5.801159955990298212e-01,3.370549361582635961e-01,1.789699780026637876e+00,-2.485825272504562200e+00,2.921455093172024231e+00,8.939832978316626377e-01
2.254006234534092545e+00,-1.011155738084526190e+00,-2.195023969699489985e-01,3.844056614327858057e+00,-9.842664720310922988e-02,3.114971163574401292e+00,-4.219428546665156432e+00,-1.051863240906163677e+00,-2.571007793736918234e+00,1.940690600126141696e+00,-6.130499085072301790e-01,-1.076862226280581369e+00,1.079324149080067796e+00,2.797073546984966130e-01,-5.295448239117190870e-01,1.959181757431920357e-01,-1.127583973476254053e+00,5.369149529054544345e-01,-2.361557539266031736e+00,7.689112903111663400e-01
-1.109959324715445117e+00,8.769381460047688259e-01,6.452360866350750346e-01,-1.450606648721541880e+00,-2.314637271993684187e-01,2.454295185693152526e+00,3.009818577272223461e+00,-3.210192663951294545e+00,2.623724633988064880e+00,-2.147137512919877089e+00,-9.423943782396076996e-01,-9.040484097645014039e-01,5.959342889001223442e-01,-1.487138450752686358e+00,-5.107430387273623751e-01,5.635611390651803498e-01,-4.410655008951411826e-01,-1.553755528211239856e+00,2.365645862548495515e+00,4.017512955685466070e-01
-1.956238001554936545e+00,7.623789574641637312e-01,-1.297417138387428337e-01,-2.214036492195537775e+00,-2.023721660660772192e-01,-4.050832625634270379e+00,6.258461027451601488e+00,9.028698407527898651e-01,4.820045841860201463e+00,-3.117843887444352813e+00,-1.663737429282715896e-01,3.520984177599433274e-01,-1.054913418807902570e+00,-1.179108621215533503e+00,-1.166323078160816706e+00,1.295614481528272188e-01,1.830796116671398632e+00,-2.829585813338558964e+00,3.447746179023054580e+00,8.142151080876479652e-01
2.940622525351335170e-01,-2.304735383494455281e+00,4.081803080902202674e-01,1.189102683257001969e+00,-7.865294241082800841e-01,-4.799364484807584486e-01,-3.029525704581602419e+00,1.487177151339240222e+00,-1.774823542877804972e+00,6.093088605883688613e-01,-8.997217181953540699e-01,2.572096839528001389e-01,5.409024538753308686e-01,8.482673252901474781e-01,2.788850532468514221e+00,8.335677654591262531e-01,9.440209100450057678e-01,1.115590091796261563e+00,-1.353898679270616467e+00,-2.915579694481554851e-01
4.942175244545195523e-01,-7.678879572214145632e-01,-1.425667103193127616e+00,2.841625860767758582e-01,2.177429278254947587e-01,2.723987830070973004e+00,3.217332042186886454e-02,-1.391175218215335185e+00,1.114857983427485877e+00,-7.591133843774277024e-01,8.440776514757167837e-01,-3.443815832264116139e+00,7.355928033870529070e-01,3.815791267564980216e-01,-9.008194947769097016e-01,-4.201798056435687018e-02,-7.251018458034426128e-01,-2.730917033176893383e-01,3.658950307455153816e-01,-3.025989509269717548e-01
-1.271809969390731654e+00,1.497806035207391306e-01,-2.280834380601252098e-01,-1.426693888383203657e+00,6.216817423476650450e-02,-1.105478155025455322e+00,2.385813246223249529e+00,4.045939495338188863e-01,3.335042149565767833e+00,-6.621381632983153187e-01,2.027061828149422595e+00,-2.216499696044031520e+00,2.160448879997226013e-01,-3.838762961896823867e-01,-1.838019147299913281e-01,2.966696869640860212e-01,1.554062004557475341e+00,-8.343972925516872641e-01,2.358994199650650714e+00,-8.907719051944205102e-01
1.168553766960580109e+00,2.686327542176861760e-01,-4.794152977808893157e-01,-2.138513124219775241e-01,-8.700402770016374410e-02,-6.944457154856741310e-01,-4.614327586761532984e-01,1.627220784780794460e+00,1.149584797154958871e-01,5.449503792917452794e-01,3.500714676417815419e-02,-1.416124880685347920e+00,-1.776758338592853592e+00,-1.012605497433890778e-01,7.585941778968504634e-01,3.898399344173236192e-01,1.811442163554560336e+00,1.649914823778275141e-01,4.299585705380565281e-01,4.794739316553520148e-01
-1.726386048861162426e+00,1.095517829015202560e+00,-2.244765613362661449e-01,-2.111140066713804941e+00,-5.571393798457162649e-01,-2.970283675870005080e+00,2.611260837928798040e+00,1.451761380000852864e+00,2.715706941513876593e+00,-8.643026752801241663e-02,1.097428411322844743e+00,3.779797357001211111e-01,-1.268113762514721410e+00,-1.044230814354836667e+00,-1.814803711519972773e-01,1.221247900927777241e+00,9.813729369962145288e-01,-1.047780324917428452e+00,2.232238776052580587e+00,4.278497947218721231e-01
3.769061003480146388e-01,3.011797551137328499e-01,-3.004238648031966052e-01,1.226221695656123156e+00,2.901679877050813428e-01,-1.112110678909723482e+00,6.491006436086939058e-01,-4.069150199766184972e-01,6.866750959287515332e-01,3.812877655449330438e-01,-8.140553771302632136e-01,-1.354872637570647687e-01,3.780248513890246409e-01,4.032713343553371299e-01,-9.879231293434355132e-01,4.581243355170921960e-01,-1.290083161331486705e-01,-1.094171048073957486e+00,4.500008197618468042e-01,-2.711883817431354204e-02
-1.577768362880068720e-01,-5.115276026258726016e-01,5.679023905893120228e-01,1.144823261212914778e+00,-2.388895108741478701e+00,-1.529442174942458044e+00,-1.027107998514289910e+00,2.226785587333871774e+00,2.265077775128938598e+00,9.894678501640752355e-01,-7.152027792057198408e-01,1.416508163759785388e+00,5.125350027441956113e-01,3.841465422056509205e-01,1.314586873669816525e+00,-1.652550592868769153e+00,-9.371324644673448834e-01,6.602816653625001031e-01,-8.503536376205506064e-01,-3.479857524762802523e+00
-4.100257867992644911e-01,1.399647268995451110e+00,9.853516827525373722e-01,-4.927018169468757591e+00,-1.070927937359310134e+00,-3.658614671150618669e+00,3.097770529662747130e+00,2.981887339245424595e+00,4.757868579163323730e+00,-1.652308692432686632e+00,-5.641253457080273037e-01,8.466316765013719436e-01,-2.526864688824619343e+00,-1.122754297554470204e+00,-5.832438986359855804e-01,7.363470030661184440e-02,6.281106582664874871e-01,-2.645734583582315835e+00,3.759269197601427859e+00,-3.551426383250670393e-01
-8.056731950750100069e-01,3.994987951005630200e-01,1.068216080668190626e+00,-3.143409859528061290e-01,-1.242304658894541891e+00,3.557577349771290365e+00,-2.377802660534969803e+00,-3.037302089221167734e-01,4.303471359096748827e-01,2.120961043217688857e+00,-1.564675961776744950e+00,1.744232455002958648e-02,-2.377565481829389538e-01,2.235860802846527107e-01,-1.688610170801098764e+00,-5.605896577330855557e-01,3.219762523298980161e-02,6.754669688952386064e-01,-1.200062805108520037e+00,2.152369341164224181e-01
3.312528638525275015e-01,1.062809247867260387e+00,3.166189121396303929e-01,-1.398454239653337483e+00,-1.522404988456865116e+00,-8.323625083049726037e-01,1.074868021661688766e-01,1.593699407538442747e+00,2.285960235057556300e+00,-5.623631198234365636e-01,1.401242274130979792e+00,1.813198664468999022e+00,-1.746695059700470232e+00,2.930429502171979714e-02,-1.333283710403269318e+00,6.616926473379325380e-01,2.230318979022093195e+00,2.061272031278895134e-01,5.144405429001371877e-01,-1.647353767804958791e-01
-1.467382466431696120e+00,-8.559669704019812198e-01,-2.180009775871847300e+00,-9.152298114179907573e-01,2.297611745711417797e+00,-2.721252507948754840e+00,3.904214218470163367e-01,1.452561053452100293e+00,1.356998092273881129e+00,-1.530021069250662613e+00,1.879302396104455486e+00,-5.288757008858969044e+00,-8.931335770596385837e-01,-1.051259397321025579e+00,-8.735676848615542278e-02,3.182373515372938777e-01,7.567955740659888519e-01,-7.947293233325547490e-03,1.015441490827687421e+00,1.980490383047250891e+00
1.731679513858415564e+00,-1.387630646568354775e+00,-4.989640310345228036e-01,5.562848897195891151e-01,1.163359057011205344e+00,-1.789380788051841087e+00,-2.757638329943763011e+00,2.815740664530525184e+00,-3.375499567999932449e+00,9.096445294123902681e-01,-9.195942468986297857e-01,2.735190676084787498e+00,-7.989778786709400560e-01,1.648178271268053274e+00,-1.151297308082445126e-01,-1.039158796434362930e+00,1.318151008237619770e+00,1.818283412220739637e+00,-1.424256647073131932e+00,-3.169139097565768282e+00
-1.058324560122781755e+00,3.038055486238094849e-01,1.710066634945038411e+00,-2.655030702625888139e+00,-2.468541223196827783e+00,4.131246427535755217e+00,2.219569642448318447e+00,-3.870375314953648616e+00,6.099875740752324305e+00,-1.425030953337210970e+00,-1.923026496671548902e+00,-6.470920095264354188e+00,3.171709600405882568e-01,-5.977686950052573112e-01,-1.773826845957541254e+00,1.902170799200057605e+00,1.389608935626810871e+00,-1.830111420851304516e+00,3.003767405104842858e+00,1.374062401164907854e+00
8.856780168341689130e-01,3.829690991825625557e-01,5.426669921937088414e-01,-1.150473858070308886e-01,-1.249987953590192546e-02,-4.754237942599281119e+00,-1.652489989225752742e-01,4.971411075384390088e+00,-4.555285181227853863e-01,3.637307653804407459e-01,-1.411354580723362506e+00,1.090634712640335069e+00,-1.793665167573937458e+00,-6.655616607022811770e-01,1.121743652298052396e+00,6.582081320221262466e-01,3.485823762921742563e+00,3.883041113289198432e-02,6.128499096335247032e-01,1.114884258769825554e+00
3.426523209453764540e+00,-2.364334969953522769e+00,-1.022206546372202762e+00,5.293843351773041661e+00,1.843875934451452148e+00,6.673624576152559662e+00,-7.959009488732205817e+00,-1.177606052333398434e+00,-8.376779803712359751e+00,8.894021596009535902e-01,2.914692083067421668e-01,-1.297035147643248676e+00,9.056858287235975968e-01,1.384353105633127079e+00,2.306840260611545679e-01,4.561448988068674271e-01,-6.182080839854120491e-01,3.742096177031498883e+00,-6.245649513121985130e+00,1.041530965207869253e+00
1.594740624418149233e+00,5.014612795513981869e-01,5.164992633229180674e-01,1.318368084061957379e+00,1.377560121345834609e+00,2.047864789295318122e+00,-3.502451119674587776e-01,-3.027007106595319463e+00,-2.971370726333457668e+00,9.339308531687608994e-01,1.441301043861692444e-01,9.028067111279669543e-02,6.990284621729097037e-01,-5.461635670334824381e-03,-1.125627015885455329e-02,-1.621310519881195011e+00,-3.764502090915059496e-01,4.747294746275487753e-01,-1.076756219491141975e+00,-2.127364593010287130e+00
-6.360876929191405793e-03,-7.700618126405814889e-01,5.378805885019806166e-01,-1.504095667623220667e+00,-5.568097254981738686e-01,-6.360168489490158894e-01,3.051783429284809834e+00,-2.259620918378830279e+00,2.980151741845899149e+00,-2.300973743831904006e+00,1.964033473930452134e-01,-3.598980271853874147e+00,4.296263751154882904e-01,-1.374387694181505193e+00,-2.015853027812691600e+00,-6.678924819420367642e-01,-1.036146887001436312e+00,-1.476326483451237070e+00,2.420712192910461802e+00,-4.456883538101965025e-01
-1.489595851862642650e+00,-1.088509446926985813e+00,-1.229875779701940175e+00,3.150858149439390576e-01,8.220863932805865248e-01,-2.074870729239788325e+00,2.070361281450507906e+00,-1.545851541834136755e+00,2.802204860738807035e+00,-9.059289963249779198e-01,4.409062524612575862e-01,-2.526487145433050863e+00,1.629179121817828202e+00,-7.689716439526365910e-02,8.425350698711160380e-01,2.714207642435217060e+00,-4.879261911239755278e+00,-7.237213395178629938e-01,1.050314787167067943e+00,1.290627126206343123e+00
1.615559399429081777e-01,-8.110932831683147493e-01,7.537757241555512744e-01,1.719895278609770317e+00,-2.448410674671635257e-01,1.842666531955093667e+00,-1.564794194490170876e+00,-2.365472772983478578e+00,-3.831966732572494649e+00,1.529186960317507893e-03,-1.781530828548307799e-01,-7.382467121130102949e-01,1.168495865173512227e+00,-5.180830777067458870e-01,-1.460349762814956431e+00,-5.216298984093471064e-02,-6.680474916142015163e-01,-5.270092548056337645e-02,-1.402267577713690372e+00,-2.019719614493680648e+00
2.721520360872526356e-01,-8.569847705794907122e-02,2.799445650354413839e+00,1.287741774587835009e+00,-1.681528513410587955e+00,1.042837142663987304e+00,6.396088758614415504e-01,-2.443050300820095888e+00,8.848465998222403428e-01,-2.021594570018919457e-01,-2.735950700871860430e+00,-1.523649688214149922e+00,1.479262807485682840e+00,-8.923631345316261274e-03,-4.562623270981006618e-01,1.690524103369945408e+00,-3.668203185878242678e+00,-4.543019807411112776e-01,-6.402090728242192386e-01,2.155599048597958145e-01
1.555432340080972642e+00,6.294636306515791757e-01,5.985826249721120096e-01,-1.201656927706020506e+00,1.455459595771530612e+00,2.311040761951704603e+00,-1.193332058603573165e+00,-2.371592547504586701e+00,-3.733052049153081420e+00,2.292508442435960525e+00,1.705431626800359535e+00,-1.719460245827364675e+00,6.896569655832827106e-01,1.255035638838370549e+00,-1.317777600674249205e+00,9.496835920224682148e-01,-1.228794143422795138e+00,2.420308091590916977e+00,-1.274703431739530046e+00,4.754641592977196796e-01
9.338131355274388312e-01,-4.155713301192819342e-01,3.528707626515252722e-03,-1.651486363134624935e-01,5.932641909118991919e-01,-1.570450241467093999e-01,1.359692721237314439e-01,-7.713514006394568412e-01,-1.422887411917423961e+00,8.674247577528899633e-01,9.367111672011058099e-01,1.217218890791477381e+00,6.070496557949824901e-01,-1.991431000797588557e-01,5.401833070075936494e-01,-1.244653008312802678e+00,-9.197575314441512884e-01,3.981623335997923618e-01,-2.404803351797323852e-01,-1.223273925772978332e+00
-6.450794349482140699e-01,-4.760745192660759129e-01,-2.435847091421806443e+00,-4.861561863133654349e-01,1.181431640562542906e+00,1.165572183023985131e+00,1.485462144926251948e+00,-1.042697460310580748e+00,1.232749484740193857e+00,-7.687043091073870738e-01,2.243631931748902630e+00,-2.897537028679757487e+00,-5.214230323271222822e-01,-2.897474790018621515e-01,-9.470200529304552417e-02,5.335603966180553215e-01,1.476082081247117594e+00,-1.330161037596634843e+00,1.322432645532383599e+00,1.125593855984863056e+00
-3.573796971957112767e-01,7.512230878499919218e-01,1.179789944268359730e-01,6.087412189916936445e-01,7.788245716157125020e-01,-4.569900433085825497e+00,-1.183297320320182422e+00,4.221693249718729390e+00,-3.870963397216701019e+00,-2.135921073740587872e-01,1.875404918009959121e-01,5.232577307047611370e+00,-2.107857583539883617e+00,3.467181507734733992e-01,2.314487037218683485e-01,4.735126822372470734e-02,4.876859778716822191e+00,2.653238694099723238e-01,-8.976370014999580649e-01,7.456493069219292114e-01
-1.062854064400209353e-01,-1.241029284888716389e-01,1.025946673427668765e+00,9.333016414510932890e-01,-1.037944105231496383e-01,-2.700735102999476389e+00,-1.306397901583117527e+00,2.542310750802887487e+00,7.680512111807339393e-01,-5.760293060625260031e-02,-2.090156908662107682e+00,-9.286214824851435345e-01,-7.820943959921382582e-01,6.557326171178892160e-01,1.301177835513153691e-01,-7.538968580586637991e-01,-4.529516226764582765e-01,7.043643044648912888e-01,-5.641608720333353144e-01,1.870998904562404475e+00
3.747373277832274585e+00,-5.951586694324493276e-01,1.235576418592939374e-01,4.878295271586062576e+00,-6.784859887174676807e-01,8.171862097408606473e+00,-9.114490202417051989e+00,-3.025387656270391634e+00,-7.032254383549075172e+00,5.316870315898209576e+00,-2.965917457063526608e-01,-2.631119350830634640e-01,1.215212230572093155e+00,1.996514375655036977e+00,-7.872474112130266599e-01,-1.670437238256684997e+00,-2.956603087311368228e+00,4.098140565253963530e+00,-5.718399269375412430e+00,-1.491309353467911825e+00
-8.197203588503372274e-01,2.303026612211032942e-01,-2.375130784363329361e+00,-1.869648101155361397e+00,2.178219512098539923e+00,-7.201560881949579773e+00,4.816906801497084167e+00,4.773584894269210288e+00,1.040511913862322002e+00,-1.504233490655284555e-01,2.318393965792743483e+00,1.357689580841303645e-01,-1.500668481442212654e+00,-1.459441604647743418e+00,2.744222245119057324e-01,1.818913920206932433e+00,2.960366730653430256e+00,-2.152576241294686277e+00,2.009366234936913465e+00,3.185375181697570390e+00
-1.311042971755619346e+00,1.644410791406977879e+00,-1.038754654955797774e+00,-1.052135854112757674e+00,1.402739076531410056e+00,-4.065771925458909308e+00,4.493935758415704917e+00,2.067703725463883480e+00,1.122154713933134484e-01,-1.328380674274389772e+00,6.719460536136170337e-01,2.494566403474002048e+00,-1.793064306880012060e+00,-2.530380633834471982e-01,-5.398041772858833687e-01,1.966270668303453373e-01,2.255617300454507035e+00,-1.448431990881297260e+00,1.881713406038574954e+00,5.392051151321897162e-01
-1.234100896097990174e-01,7.232451249042989305e-01,-1.499226940506269701e+00,6.165486365537188318e-01,-9.523089362220402698e-01,-2.074927913763885634e+00,4.098439984963079263e-01,1.974146621960484405e+00,4.510298202470942597e-01,1.508617626423525815e+00,1.589193556591318668e+00,2.792925346156833299e+00,-5.296469319625309868e-01,-6.432647580387735875e-01,9.271119645066948634e-01,-6.760831148442333349e-01,-2.784841385480003595e-01,-2.553554093972677519e-01,4.419052439815408517e-01,-1.460766985893433567e+00
-4.073122672220456653e-01,-7.928179190215159378e-02,-8.490004730135862765e-01,-2.607625410062632820e+00,-3.588598072774183967e-01,-2.170280906102329155e+00,1.505349479217081177e+00,1.753182168522734008e+00,1.059330264091034035e+00,2.797814750261762295e-02,2.175968906896184052e-01,3.241913640625021298e+00,9.531685839459446141e-01,1.002415500861781883e+00,2.113388503459636691e+00,-2.144702715007368532e+00,-1.203424248584190837e+00,4.088699588471066404e-01,1.210127056575055926e+00,-1.660592830219889349e+00
4.183037030761985520e+00,1.271502355895273162e-01,4.599858093206354859e-01,4.633724472638749425e+00,-2.248491637274360189e-01,4.447146712063539731e+00,-8.351685635948554065e+00,3.169363901013104168e-01,-7.212617378729399675e+00,2.913872027662041120e+00,-8.438978455522548883e-01,4.914949010881855429e+00,6.220084610396695579e-01,2.520180302746260814e+00,1.488004777195472084e+00,-2.066987894484512422e-01,-1.092909889843500570e+00,3.642958237450025560e+00,-5.416425021559742703e+00,1.201463692530252148e-01
3.051757458812466073e+00,-1.222411553497704806e-01,5.968626618832496844e-02,3.877675191443655134e+00,-1.337454177209683515e+00,9.084620083763425669e+00,-8.511059297916801825e+00,-4.257475973410767445e+00,-6.043498929268047881e+00,3.750723358368775351e+00,-1.708210813795112859e+00,1.424055827678070152e-01,1.668807941324975674e+00,1.350933230797038531e+00,-1.301693053369384012e+00,-6.388341003764194115e-01,-2.683375684085263835e+00,3.920218932031769299e+00,-5.505269047569435692e+00,-2.391650282628169144e+00
1.175938994722355302e-01,-5.170004888200457893e-01,3.453726751047157539e-01,2.922764427968935763e-01,-1.355940193900066149e+00,-5.223665815064634899e+00,2.700662509762334018e+00,2.120603137000478089e+00,1.291801205874390845e+00,1.599277539654754832e-01,-3.285846619223816711e-01,-6.792869050160523781e-01,-1.076421002549556416e+00,-1.190840109981983419e+00,-8.955428178795818983e-01,1.181700518623526763e+00,2.749818538194515050e+00,-6.394540844151179737e-01,1.337850882060914959e+00,1.058175610635900821e+00
1.376333396180045021e-01,-5.074495896563219199e-01,-3.519898016129489604e-01,1.755634610854478028e+00,1.349073069609074249e+00,3.345267851576102736e+00,-2.183334605373148829e+00,-2.148213854061737926e+00,-2.886045313117061362e+00,7.121359717219691854e-01,5.937918442151212117e-01,2.513435206805952227e+00,1.207337604368885708e+00,7.493811464158774971e-01,-1.401059682282362440e+00,-1.297302708327229936e+00,-1.129311664698079420e+00,1.256282125753584555e+00,-2.042692033305675725e+00,-1.989040017828220597e+00
3.832641567549667450e+00,8.859742378732329282e-01,1.406994306187672739e-01,1.100721760056256437e+00,1.554565555601533644e-02,2.681679600795733975e+00,-5.935278825490970078e+00,-6.378169761886118838e-01,-5.783428430101957396e+00,9.292115234458653283e-01,9.798143225696103187e-01,1.753903131677655214e+00,5.370383670188479952e-01,1.219154974469463859e+00,-2.375131489985525257e-01,3.467483854400860710e-01,-4.964513966386588928e-01,2.883365546008834990e+00,-3.467411478628186217e+00,1.071973034681852788e+00
1.315103777376538607e+00,-2.152225859919548512e+00,-5.085962125642313342e-02,7.436128425070720471e-01,6.432233007823409121e-01,4.978657282615228219e+00,-2.589477763675192890e+00,-2.511770531298509912e+00,-5.376173528118309619e+00,1.942296193113532132e-01,9.773396528390796423e-01,-1.936389616675448233e-01,1.699619776172560659e+00,6.625413050760528000e-01,-3.795609673868772238e-01,-4.502028571817831559e-01,-1.100297323677392747e+00,6.008930973760937544e-01,-1.729225444249579802e+00,9.729735535839884042e-02
-2.228547688132191507e+00,-1.196811932321569794e+00,-7.049483523852150268e-01,-2.620595744767510560e+00,-1.113413075391345153e+00,-2.416037325305155470e+00,6.166639380543524673e+00,-1.341501586029210102e+00,5.124276396654681598e+00,-1.147847589831965998e+00,7.421531981491726881e-01,-6.079604492054867748e+00,2.334011694915998802e+00,-1.942335400707138282e+00,1.551248510933571190e+00,2.000449211391994719e+00,-2.767694640344013468e+00,-1.316794310119514755e+00,2.975706409414174303e+00,2.550550363681323596e+00
-1.148804583523478584e+00,5.056974229248991648e-01,-1.056424705283520310e-01,-9.797201247265110435e-01,9.667835981546315516e-01,-4.052147287980290002e-01,-1.578592416019011901e+00,8.443000419503386977e-01,1.269876640082915620e-01,6.193983046785783708e-01,1.071924889119276525e+00,1.838510152920733276e+00,1.576039858153212014e-01,-2.060900534890631186e-01,1.374662850610709253e+00,-1.486381260017352046e+00,1.192096007549447112e+00,-3.098867899360835954e-01,6.394287715405484462e-01,-1.195140022469993069e+00
-3.054940635042757702e+00,4.285857946329518775e-01,7.528916265307170619e-01,-3.920195959311635558e+00,-1.007749694505335025e+00,-8.235117626285277659e-01,5.650356886250384569e+00,-1.096844627793363447e+00,8.728455755356064216e+00,-1.098782843920542929e+00,-1.052257512837428077e+00,-2.763914531358635074e+00,4.717261723732207312e-01,-1.083895099164528197e+00,-1.698666447392158108e-01,-1.002036087692087740e+00,-1.222238691353554341e-01,-2.299445028799793178e+00,4.200916714367830096e+00,-2.024670824854866158e+00
-3.329964712287731832e-01,-1.491007973099497175e+00,1.477830684767083236e+00,-9.098595056340208487e-02,-1.908494573016458862e+00,8.881967903891542226e-01,6.568773267370278113e-01,-1.592254043674447228e+00,9.320599101875242098e-01,-1.620426760111418174e+00,-4.326746415244405730e-01,-3.451252925891925560e+00,2.972494760522981228e-01,2.943396766774671880e-01,-5.396654123439562634e-01,-2.950955236739798426e-01,-1.500127052092374180e+00,-7.708467840499555468e-03,-3.196543806785133723e-01,-4.052340209043753250e-01
-2.109807745742958485e+00,-6.031894947917291194e-01,-4.894305283861581923e-01,-5.104585346876322483e+00,-1.423927117096304706e-01,-6.143304082010291545e+00,4.841735847254146741e+00,3.128703178374987459e+00,5.111144358968840784e+00,-1.092349164917024718e+00,3.464418203953691489e+00,-1.834910237181245796e+00,-4.178068018475863399e-01,-1.149929438450682406e+00,7.951233046391523729e-01,6.184439026484800372e-01,-9.151842001511278912e-01,-1.238260555365130022e+00,3.877260630117927320e+00,1.218793941266937519e+00
-8.460971790800239090e-01,-9.957330409562385742e-02,1.327662901119318395e+00,-2.052775534834547333e+00,-1.129789381660065706e+00,-2.859853743041152363e+00,4.906767830228814908e+00,-2.961647077347988599e-01,3.672767380488333178e+00,-1.757400410543094704e+00,-5.637066820519693877e-01,-3.658452109082754866e+00,1.569503692990906196e-02,-1.048868159988720627e+00,1.282966663450346934e+00,3.652542558176661291e-01,-1.041586997765316935e+00,-1.657076162164807798e+00,2.458711061349417193e+00,1.309008094968662439e+00
2.335122990678434096e+00,-1.079624675475576279e+00,1.397911527848400226e+00,3.635439556718672804e+00,-2.342509383528288858e+00,1.365480821404002398e+00,-2.620213646123930040e+00,-2.477824913378622318e-01,1.270926154460334745e+00,-4.061252155054331237e-01,-2.614454277528046156e+00,-3.044070258063424017e+00,1.006301546386040746e+00,-7.160182797861835979e-02,6.540080415662504754e-01,-1.256184918650611104e+00,-2.936947567025103289e+00,9.595202822213686478e-01,-2.270609618723220979e+00,-1.501026749906279267e+00
-2.175903797680820428e-01,3.203858916982229021e-01,-7.232591088255758693e-01,-1.729666838526385586e+00,6.335372222100754680e-02,1.372639651601759159e+00,-1.584568848933045615e+00,-1.496224815947109210e+00,-3.391619228384857188e+00,2.131140643134968871e-01,-3.880101531012896121e-01,-1.103561946980125219e+00,-9.211319316042991812e-01,1.061832574950813957e+00,-1.140555750160060500e+00,7.740105986926024695e-01,2.211212593227596113e+00,1.446454304136125746e+00,-7.720329283044593538e-01,1.607119927215876931e+00
3.925209263418304229e+00,1.300689881198839437e+00,1.619544005391141850e+00,4.069783189876710061e+00,-9.738502107167882338e-01,1.811763110681389177e+00,-7.117841203755216561e+00,3.738841301443602383e+00,-4.519501381883063829e+00,2.860373501273306918e+00,-7.558435937793938075e-01,6.158092795282507304e+00,-1.797762482941472895e+00,1.231643370909068169e+00,1.034876306520901901e+00,1.590047725728636896e-01,3.667595200803307698e+00,2.771704515424491255e+00,-4.093702283413124476e+00,6.785280018206081287e-01
1.187505106823320000e+00,-3.471844994238375004e-01,8.828349327457122309e-01,3.862619021219519944e-01,-3.465683938857543889e-01,3.045991083173362313e+00,-1.611057030461202633e+00,-3.260470999846016404e+00,6.903593305026538562e-01,-4.695485684107813529e-01,1.195748215466672093e-01,-1.562759286868382391e+00,2.027503274737135097e+00,3.176699702641538337e-01,-1.048786752127102151e+00,1.858171125703267645e-01,-3.148164489236948693e+00,-5.427078925371657814e-01,-4.207052405162224895e-01,-5.809817920440899508e-01
-1.360781736738346570e+00,8.950035323790093977e-02,-1.474117333828488974e+00,-1.714904842008387664e+00,1.028688087552588115e+00,-4.539563513802611361e+00,4.056835937925370672e+00,2.341528886272966847e+00,2.119604842158364644e+00,3.599381211429244498e-01,1.489808908260979115e+00,1.297845444301164886e+00,1.268297131630789776e-02,2.747226667087988017e-01,1.684393486260419737e+00,-6.468994745214246000e-01,-6.379508190391595113e-01,-2.420527301766028927e-01,2.291259628178766494e+00,-7.288029273818579235e-01
1.044382223394036746e+00,-4.208118791418019589e-01,3.430049596087722530e-01,5.683807456903792188e-01,-1.028198691729406589e+00,5.519816489755995370e+00,-3.228830014735055265e+00,-1.677266975569270846e+00,-1.964547804239762829e+00,1.276961944188208520e+00,5.520592350547250948e-01,-7.645296677675977870e-01,2.147208427536640984e-01,1.329504064508840289e+00,-5.544955206469344144e-01,-7.801286207840599229e-02,-5.977850907231688771e-01,1.400434962278354512e+00,-1.597469276133917093e+00,4.163634508203558626e-01
-9.088649880655315094e-01,-1.712774165232840762e+00,-1.469727604458862746e+00,-1.108599531543653649e+00,5.324713146915931450e-01,2.368698981000983306e+00,2.746978990373446283e+00,-3.403744944857422183e+00,9.613191566657639520e-01,-9.674789931694449674e-01,1.065107652826507989e+00,-4.290134099877119134e+00,1.466538561447329858e+00,3.012575516330727732e-01,-3.520073499941437367e-01,-3.215567998953117179e-01,-1.796279159011653803e+00,-6.978392587637984867e-01,1.083896891289561459e+00,-1.325587435162511873e-01
2.319105062143630658e+00,-1.431003149225788418e+00,-1.195995238319179199e+00,2.901183324856054124e+00,2.283632465269422429e+00,4.167744197737430767e+00,-2.994266015738321407e+00,-3.981767280415490884e+00,-4.835748237463387333e+00,8.073696224940094535e-01,1.571761474406442538e+00,-1.700318924499384599e+00,1.350424967942558840e+00,1.155214977837008883e+00,-1.396315265706187247e+00,5.521101388032668700e-01,-6.609513662896164821e-01,1.834871390002770886e+00,-3.246799918095181869e+00,9.358697823675763416e-01
2.023637397967239959e+00,-8.445350116470400348e-01,-5.639262084211317250e-01,2.391614778619441051e+00,1.690091106295030565e+00,7.944469336857090669e-01,-2.780340217597373709e+00,-1.091286143002663245e-01,-5.488470304556237522e+00,2.535524655605246203e+00,1.985286269471194132e+00,3.500507209271842335e+00,5.823704387228682000e-01,7.008529310872059215e-01,-7.263249896522805393e-01,-4.608501374168477160e-01,-9.483401253599591518e-01,1.874137803181788353e+00,-3.008975264804848671e+00,-8.230429141360269263e-01
3.338962406335374666e+00,7.277700215594152811e-01,-5.215894725402957510e-01,7.493816375515971906e+00,1.026139211332154577e+00,3.627141415421502035e+00,-8.348285942133742310e+00,1.823922345898929098e+00,-1.015264130286931454e+01,2.120118768944961207e+00,-5.965426630834151922e-01,4.808751117154635324e+00,-2.242803084726971985e-01,1.267761392508662599e+00,2.646795133203753148e-01,1.530909311061587896e+00,-2.276581247343723025e-01,3.318655414097113621e+00,-6.207084882229803924e+00,1.225920931878647924e-01
-4.275563403246135152e+00,-1.968548098418023473e+00,-9.063977402200597000e-01,-4.360405818191292582e+00,4.228590336263590155e-01,-2.020880307008404042e+00,6.390112510048569838e+00,-1.707565867300859574e+00,5.204074907998703203e+00,-1.037256140605393284e+00,2.287894548941704631e+00,-4.022864982465211625e+00,1.065055089204560490e+00,-4.613927508002232392e-01,-5.176362975099600972e-01,-8.942902295334614893e-01,-1.024397028150434430e+00,-3.228912841397389322e+00,4.408692484490338792e+00,-1.696481225446553776e+00
-2.430349326433056678e-01,-7.970115644089582618e-01,2.852794591169743876e-03,-3.119518117252138012e+00,3.139669900488383791e-01,-6.565062270692802571e+00,3.895137735441180915e+00,3.161251860938011582e+00,2.957442008754070706e+00,-2.400415827271338731e+00,4.028076428999660119e-01,2.950775522469836876e+00,1.563452691803463024e-01,-1.325843642928077770e+00,2.143030787406244642e+00,8.827272302494353351e-01,-2.006099296208980309e+00,-2.169751185973612717e+00,3.062987227350513209e+00,1.068638560861394637e+00
-2.574835301229389195e+00,-8.993629015061059828e-01,7.629588499577412142e-01,-2.625585553495674684e+00,-1.282161124696912236e+00,-4.672180327798091781e+00,4.730534522350931859e+00,4.568291969725194690e+00,2.702539377230940065e+00,-1.418097569923633561e+00,-8.427763103933856303e-01,1.780912393280587036e+00,-8.833706853136358284e-02,-1.948529295803208328e+00,2.322296471335578261e+00,-3.576266102135288727e-01,1.285966875639364515e+00,-2.179022141228598386e+00,1.992332625224366938e+00,4.106651998092976097e-01
7.543999941532043563e-01,-4.879576379283147580e-01,1.432356355362884193e+00,5.362561538082725177e-01,-2.644077016499032595e+00,1.812741292905854618e+00,9.744231448403682938e-01,-3.233877651368883832e+00,3.040095053215707832e+00,-6.908316417833473277e-01,-2.929143876379114886e+00,-3.711683610662852573e-01,6.814009593689692723e-01,1.476077822739681709e-02,-1.157369635133571051e-01,1.390691104249799220e-02,-2.122309474953939290e+00,-2.017295440015338670e+00,5.593232441018711754e-01,-9.935977348104979567e-01
-2.888496168744625336e+00,7.093357779565324650e-01,3.079175400780759242e-01,-3.685423404947282044e+00,-8.755482864133180554e-01,-2.529384499222660843e+00,3.368764613840665056e+00,1.391792111658667341e+00,4.974729698156058255e+00,-3.258175888010873322e+00,-2.810686887304340020e-01,-1.768727842611839129e+00,-9.557048133188081884e-01,-1.295574774457894485e+00,-4.578106700138994123e-01,2.470740206971063641e-02,2.796512317516075541e+00,-1.755257785621814337e+00,2.737367527364269026e+00,-1.200368778706478290e+00
1.974327373612210224e+00,5.487065916621232109e-01,-1.784707168647698128e-01,6.102311737860687257e-01,9.795900551629848074e-01,4.110919728733122724e+00,-3.452436020692423835e+00,-2.099372593929805131e+00,-3.802145686847240302e-01,1.161994823974065838e+00,1.134380347099491537e+00,-5.958369345737735134e-01,1.341436514299775506e+00,1.449956946743629516e+00,1.494006077468325588e-01,-6.023273472074608392e-01,-3.244417028778127765e+00,1.461710122377965826e+00,-6.699319915286188198e-01,-1.350141194672072054e+00
2.213456555834923289e+00,1.518936746754071532e-01,-4.934695754272613866e-01,1.563883972762758479e+00,-1.789547760422435241e+00,1.105090531300116030e+00,-1.045362515935545966e+00,-1.379810284669424902e+00,-2.242935202408383177e-01,-7.263844174858153924e-01,1.070435789598999099e+00,-4.832218815995444339e-01,6.896518784798135737e-01,9.428708260032339084e-01,-4.366178777783272791e-01,-1.029436789032085686e+00,-2.122811215163283194e+00,1.312143294266522320e+00,-1.152795389398536985e+00,-1.602965733825792549e+00
2.047458455556983914e+00,-1.012884325332519042e+00,-1.481650335657360706e+00,6.739076938756780599e+00,7.923656633284767992e-01,3.313014300401773138e+00,-5.437234014387914982e+00,-2.565395970033576001e-01,-9.399636938657867091e+00,5.293728117216067730e-02,3.528642984254068971e-01,5.953790915658041527e-01,-6.012456584563183881e-01,6.425544660939097596e-02,-4.062646032097439464e-01,-1.893177250563837344e+00,1.013201456149963375e+00,2.294296023598295875e+00,-4.969015778691419527e+00,-1.707156905281676185e+00
-6.843603692356006185e-01,-1.257377767657197110e+00,4.172805154864198118e-01,-3.700602214599965745e+00,-1.303754685221957921e+00,-3.785304381359240744e-01,4.699380080108793045e+00,-2.159122661185029379e+00,6.108040840470255084e+00,2.302635814698361649e-02,-6.154523437148181619e-01,-5.325681699402728064e+00,7.922374045356552763e-01,-1.095799665410054580e+00,1.021329556697644636e-01,1.192473097296050666e+00,-2.034553600488107961e+00,-1.913520988751610030e+00,2.626832105653417404e+00,2.064848557253753381e+00
4.132745882061818476e-01,8.812365288900919635e-01,-6.733329674001869991e-01,1.008510013935028926e-01,9.802403435015560884e-02,1.433226085427138585e+00,-8.550931993691496258e-02,-2.461355180342141402e+00,6.530427962262561059e-02,-4.724783249693023102e-01,6.233128033845587446e-01,-1.675977950190816079e+00,-3.579029812552664835e-01,-7.159734658608181146e-01,-3.046924716218522899e+00,-3.172231432920423200e-01,-3.708478840712600144e-01,5.762658363643294868e-01,1.826407976305056691e-01,-1.156341927106591783e+00
-1.966452955175160833e-01,-1.924779812989723338e+00,-1.281114507664884994e-01,2.509310773825919938e+00,9.323955604816972498e-01,1.617702105710846050e+00,-1.517538998992519206e+00,4.935355052900715078e-01,-1.916638279307132153e+00,3.968768190304505228e-01,-3.126148760351273315e-01,-2.750185283158983474e-01,1.434894699099037885e+00,-1.135167623258704489e-01,1.819730946439829244e+00,-6.241918825524012115e-02,-9.872574645788159131e-01,2.548538210354197586e-01,-9.197376678168639463e-01,9.980330936957009236e-01
-2.674104727532683690e+00,-1.360306712676182306e+00,1.961993873598599225e-01,1.769547774207904434e+00,1.016480352141242216e+00,5.456571014088338334e-01,2.173137819497347856e+00,-1.385759153741319638e+00,-4.738873277636140302e-01,-2.897900770003055015e+00,-6.589458702619261921e-01,-2.813783062733006268e+00,1.671295960476476106e+00,-8.564825867447267704e-01,6.870267146387286639e-01,1.471168433367084027e+00,-1.953606718733268632e+00,-1.340383544411178907e+00,7.953472279610629414e-03,1.409488971238407995e+00
1.567084163093844573e+00,-3.741094197427703438e-01,-2.340478436281335020e-02,6.285688947883081301e-01,-5.445014401021339712e-01,-2.047705942713623717e+00,6.543391475603264062e-01,1.341386337958053065e+00,3.062066004405662234e+00,2.170304929457596010e-01,-7.436656228577027961e-02,4.705175496704120386e-01,5.785248732356220724e-01,-1.233288818764081141e+00,1.089961719582583699e+00,-3.195498540315021285e-02,-3.256989849731228848e-02,-8.824348261309724606e-01,4.692291288708675401e-01,1.893543855265918952e-01
-1.176483812511371685e+00,-1.205783464109964509e+00,-4.783649865182733052e-01,-7.884047898826491707e-01,2.433913921941917025e+00,-1.191900793820642956e+00,3.138132467334313169e+00,-7.095494476162400588e-01,5.097712944352965625e-01,2.109245472999996540e-01,1.216445638681364017e+00,-1.677982519267228634e+00,5.260856662674507911e-01,2.507120753546687383e-02,2.037589618639700506e-01,8.466567427235711929e-02,1.193992254735392500e+00,-8.265210799869520120e-01,1.298672404972491368e+00,1.421778423107834755e+00
1.150303999061780935e+00,-7.483428726967920053e-01,4.263007367595206820e-01,2.847140781235319107e+00,-1.617284609944520390e-01,2.177119911855017076e+00,-4.054457417155992616e+00,9.148609550486412889e-01,-2.121221353372783724e+00,4.416905845473428904e-02,-6.467536939368339066e-01,1.799789986062164449e+00,1.159936742236822305e+00,1.315277065987155547e+00,1.274240662407372771e+00,-1.826537150720245611e-02,-1.415301689040810551e+00,1.928517944835703934e+00,-2.636613527225749376e+00,-3.493612502468961267e-01
-3.909469880498503525e+00,4.931207885319175560e-02,1.219294362984663538e+00,-4.956977044853184466e+00,-2.621310594116809778e+00,-5.884250071887474398e+00,7.324469935427570633e+00,1.494076494527952104e+00,8.284783916647498359e+00,-2.766340327533451493e+00,-1.348569211353675801e+00,-1.219918457632007458e+00,1.989569948384406206e-01,-2.995816612125093759e+00,3.717589580825984008e-01,5.032968174456547289e-02,2.055344050300380587e+00,-2.725198439489579627e+00,4.510358222057730515e+00,3.465635049661757172e-01
-1.314817576390563181e+00,-6.840181511801251002e-01,1.082587465281536210e-01,-2.343800422559749297e+00,-1.201153018219808022e+00,-3.889390962905597160e+00,4.348242747110722561e+00,1.687227968601049621e+00,5.988098507131844883e+00,-1.109750784833092307e+00,-1.068299128123208347e-01,-1.243158313530241754e+00,6.557808334369671366e-01,-1.359422377141254579e+00,9.869310781109693620e-01,5.898773845071484390e-01,-1.185354269802949556e+00,-2.409476618437519146e+00,2.684626035223397711e+00,-7.775408903230566215e-01
3.626439040606326714e+00,-7.896145434283011744e-01,-1.068278851503210031e-01,2.917641762459091126e+00,1.010560915653475167e+00,5.426243378422820562e+00,-6.345828008089479333e+00,-1.316550819124163052e+00,-5.849889581924172965e+00,3.763183183555892874e+00,-7.925917930565412606e-01,-3.818275390739422903e-02,1.171320632706284837e+00,1.643987483726708998e+00,-1.240150987806813154e-01,1.708701519740090324e+00,-1.733152694331272725e+00,3.772422590423579081e+00,-4.707199033589648529e+00,6.465515996735933246e-01
9.801354396211968689e-01,-2.555930053628531207e-01,1.955768217334374615e-01,2.061193036535968304e+00,-2.620360691169777434e-01,4.608244953128717292e+00,-2.178221217739234383e+00,-2.310666535367468910e+00,-3.812160980094049911e+00,9.443346876341613960e-01,7.295662467282917341e-01,-1.821246485542126647e+00,1.675058274146712378e+00,1.304826623526181173e+00,-1.143870577586012072e+00,1.012135008087458266e+00,-2.545896960445228174e+00,9.712257963280559458e-01,-2.370268070842766139e+00,3.757948371003451360e+00
-7.744168840831407996e-01,-7.818754281760915970e-02,4.247000278597306555e-01,3.228880452467815521e-01,-1.283529503634553981e+00,1.492741694502555116e-01,-6.332327108652672232e-01,-3.896049692870346970e-01,1.118344244278711042e+00,-4.153336602460709903e-01,-7.458063926506365293e-01,-1.077557870816731711e+00,-2.129519671300919015e-01,7.980406663846868476e-01,8.913715009912461795e-01,5.714112818307864883e-01,8.638523566553819588e-01,7.619444754140088927e-01,-9.818160103627527890e-01,-4.591731317465180817e-01
3.136854928690291811e+00,1.077025381268421206e-01,-4.375923147728237872e-01,3.816007611848590830e+00,4.123354082680649735e-02,5.575494148903866076e+00,-6.351227289604455706e+00,-1.710810376826119139e+00,-4.568140855281369817e+00,-1.521444483459137853e-01,1.469401169069869173e+00,2.258963751379782448e+00,3.580795428409124237e-01,4.653371628501312696e-01,-6.767145657328672570e-01,2.706049225137625025e-01,-9.702261721988922893e-01,1.297888183967603970e+00,-3.620619852757479329e+00,1.822229975852554529e-02
1.280834547372367238e+00,-1.160104087037156617e+00,-2.309937754277313904e-01,2.986970890853093419e+00,1.303517670698460584e+00,1.977078959002254166e+00,-2.988583028754377979e-01,-7.360129113955005131e-01,3.013064010392161318e-01,-4.851373345399170312e-01,-4.967667829723500517e-01,-2.389029776052716603e+00,-1.215228579022737954e-01,-1.295952188282292472e-01,-4.409778835674153102e-02,8.195272255203799039e-02,-3.210177016105478232e-02,-5.778070417200583675e-01,2.086824344565207934e-02,-1.149825186542508676e-01
1.283398961014296180e+00,5.189219225841846805e-01,5.750792308858011515e-01,-3.238207776862549458e+00,9.838731530787930835e-02,-2.554250293528961713e+00,-9.703080145871008089e-01,1.969564038181252918e+00,1.726766850829696054e+00,1.772772582626674642e-01,7.912855453052578536e-01,4.247165759200981938e+00,-1.188266005137539327e+00,7.201645029559226030e-01,8.808729668371115262e-02,3.417130246624406897e-01,1.417797758820494192e+00,6.287596593588121729e-01,1.084458522863044116e+00,-1.297076467582331194e+00
3.184575768842095034e+00,5.860299656920553435e-01,2.601575030304134964e-02,2.210766372813520508e+00,3.023219222621683855e+00,3.388520657711662665e+00,-3.875628950355496372e+00,-1.397331326968803911e+00,-4.342873103388953382e+00,-7.513499360328607102e-01,-2.733650311389423937e-01,-7.715719022909228730e-02,8.469666544503740013e-02,5.690381640590133072e-01,-1.832289596440421553e+00,2.746919000551811818e-01,2.602346243845723883e+00,1.374732411409694599e+00,-1.882532018454737610e+00,8.043577049685282088e-01
9.451493135999742279e-01,-1.551350613122330913e-01,-1.380391763253304704e+00,1.934666949512628409e-01,3.119579848901007590e+00,1.709103746190447248e+00,-9.111457073154227704e-01,-1.317833963688356480e+00,-2.722666773230268511e+00,-1.168385322220755640e+00,2.805125803831000297e+00,3.799754076543767400e+00,4.998529987686410880e-01,-2.572852851136178121e-01,2.045529598038226815e-01,4.005636351801834527e-01,-3.317387688134216250e-01,-6.131974433308411410e-01,6.067003194837246038e-01,-1.940414774258791386e+00
-1.953874719878123667e+00,-2.599365313583927861e-01,-4.501048278861544127e-01,-1.583105504620476278e+00,3.200728663939045870e-01,-2.095165500736922315e+00,3.067587617930841226e+00,1.416225097429532509e+00,1.050028214331327980e+00,-1.557731336514005971e+00,1.520206470663644449e+00,1.073742003393096889e+00,-8.653915532901128582e-01,-5.231413079969480240e-01,3.762890568231064825e-01,-8.491651251845272474e-01,3.507859741893759598e-01,-3.073941988455743402e-01,1.330340036931746628e+00,-1.190056739686987219e+00
-3.429192430173144679e-02,-5.339537288791683656e-01,-1.429930665001729828e+00,1.724750397497008425e+00,9.781064765501424896e-01,4.208085527327087849e-01,-2.427593815730342719e+00,-4.161888583416897269e-01,-5.762705660602024160e+00,1.046016679126734683e+00,3.721214835494212281e+00,1.643875521322591737e+00,-1.206582657197007302e-01,7.985501434098705165e-01,-9.330038002424317911e-02,-6.776606857596811917e-01,1.322480863742542700e+00,1.233160053065308182e+00,-2.290139604634250592e+00,-1.230054716037951135e+00
-3.253997062637424609e+00,-2.051841305566961537e+00,1.266819044055178978e+00,-5.371688959734484570e+00,-4.325817962898348412e-02,-2.101333450773691602e+00,7.512218808632638911e+00,-2.443532456526502195e+00,7.614549729423673696e+00,-2.789687694715712762e+00,-8.110774210767290882e-01,-6.568460550760023331e+00,1.713266606724457519e+00,-1.552872325492793859e+00,-3.775036598025757750e-01,-6.264310498867475818e-01,-1.523780665665589895e+00,-4.062879736211840509e+00,6.102472339575720106e+00,1.368377456059772568e+00
-4.564123913913835651e+00,3.532178514207624520e-01,-1.615307571959726296e+00,-5.649538881724637029e+00,1.438283603551688383e+00,-2.384336821057421840e+00,7.749209749886677656e+00,-1.304012627233421595e+00,6.552471424963602686e+00,-7.319287204181790241e-01,2.420971543444391472e+00,-2.599418452237403976e+00,-1.597744610913732211e-01,-4.511630343047992597e-01,7.359812447507571020e-01,-1.059986386930680924e+00,-4.135013862506160542e-01,-2.383303282127456235e+00,5.461755457214978904e+00,-6.592404303478360816e-01
1.980800799068724416e+00,5.209925194245699220e-01,2.210861009126289297e-03,1.683552488883647835e-01,6.721448519704846802e-01,3.239772859719402653e+00,-2.156452349229147636e+00,-2.767642593004718155e+00,-1.207690164330573301e+00,2.218990867962803426e-01,-1.191674825116449288e+00,1.877184816708820758e+00,1.869588292490132142e+00,1.384010771794473849e-01,-4.314867271197675436e-01,-6.990280906317893894e-01,-3.712403355451181497e+00,7.897198646178117398e-01,-8.842313373423948963e-01,-1.932938693584962841e+00
1.535854068573182296e+00,9.438852184880416329e-01,-1.129730092172586825e-01,1.760466708381085432e+00,-1.884601501646164801e-01,-2.452967618293175889e-01,-2.205293927653639852e+00,2.190327928650133149e+00,-3.029428247750282299e+00,1.995546348618734145e+00,-5.434849736764051087e-02,6.374216172646680612e+00,-2.448145019051675142e+00,1.471166298502906811e+00,-2.718181960090576554e-01,-1.240065403656727572e+00,4.307103367123754190e+00,1.402119043758942141e+00,-2.302727162459361931e+00,-5.201203845886332999e+00
2.587627127432690521e+00,-4.691351286313513724e-01,-2.457267261921721735e-01,3.663261209513331451e+00,-1.038646483728026038e+00,6.317391456931528815e+00,-6.315464775498669248e+00,-2.103931666586295268e+00,-4.775878148973170312e+00,2.482947919294486550e+00,1.956018278748915540e+00,-6.467754328740977776e-01,8.181224389848912315e-02,2.196576079646939572e+00,-6.422809474525995599e-01,7.078301700017968212e-01,-1.698791768900380861e+00,3.289554786029722955e+00,-4.719848243686466382e+00,-5.629685013009669836e-01
-1.633967284356243610e-01,1.304008721298904216e+00,2.049266168726221693e+00,1.320210161284902428e+00,-1.445236985797715645e+00,1.966011804342322034e+00,-3.793456610397728745e+00,1.815848696693433961e+00,-1.654593262720986280e+00,1.056157044075827223e+00,-1.886846851950581438e+00,1.939692173601293312e+00,-2.052112093378118285e+00,1.633034635043319360e+00,-7.530161223968364625e-01,1.906632990861232280e+00,3.972511331392335698e+00,2.400916898275511357e+00,-2.302518019989870268e+00,2.092047406779204088e+00
-1.179000767972471220e+00,-5.996988246572482195e-01,1.109958462887167041e+00,1.078821158999555552e+00,3.428342906982256633e+00,1.094673269717729713e-01,4.970977185244637164e-01,-7.951005740255374654e-01,-4.250199135175756204e+00,-1.562243533722033728e+00,-6.195127323032378897e-01,8.525957284476259890e-01,1.899899604680685972e+00,-5.922503218320267493e-01,7.740794224708547056e-01,5.459016894198056580e-01,-2.375811212409676187e+00,1.229542119810299594e-01,-9.553118038879846452e-01,4.787940621572442379e-01
-1.000103609929818615e+00,-1.534735905309884130e+00,-7.687679355816267046e-01,8.442358859979339769e-01,-1.096015661306236399e+00,2.166309856188453897e-01,1.215665368375159705e+00,-1.113941976286433544e+00,1.704203691833722223e-01,2.186443018780182879e+00,1.800247280493235902e+00,-4.835132231430257832e+00,7.467652833150010272e-01,-2.016199766055786213e-01,2.134401082177576556e-03,-1.504363993648292763e-01,-4.782286007376462811e-01,3.685565138212293368e-01,-6.830765803167254679e-02,8.850480486396764546e-01
-5.011504470841507963e-01,1.287346269668987464e+00,1.409033023459012934e+00,-9.145637649558691074e-01,-2.340965259748847949e+00,-6.284592575801395409e-01,-1.333641924192984218e-01,1.251048931436605116e+00,-3.305661609775305543e-01,1.309315838209252014e+00,-1.499917967358935789e+00,2.325784777527215574e+00,-9.108400269341319078e-01,1.642018572878960470e+00,-8.672926895024580807e-01,8.414451287147640679e-01,1.183508090074181895e+00,1.060049294605098114e+00,-1.176306596799787663e-01,-6.783099059849374557e-01
-3.726898370428315399e-01,-4.226996777266640859e-02,-9.439743229825073856e-01,-3.433916162241392733e+00,1.212508938440795547e-01,-4.021639651777415558e+00,4.961707894475869907e+00,2.818485000760462822e-01,3.840757557084270690e+00,-2.348822777275062279e+00,5.247289139634903066e-03,-2.448260639116866866e+00,-2.929035479873529080e-01,-2.670411539737359008e-01,2.771057222846485257e-01,3.645889460021279338e-01,1.500041822768918731e+00,-1.195624752421748482e+00,3.138003974718302835e+00,1.240879126949134381e+00
-2.679228948825330470e+00,3.700319581568126681e-01,-1.373760525845584723e+00,-3.046651587523284466e+00,1.080273892970459393e+00,-1.971440838413347940e+00,6.920892948430105385e+00,-2.348126330507938953e+00,2.999254627017360786e+00,-3.900682174552486670e-01,1.264106498284506053e+00,-1.170026588082031083e+00,1.602515545641782113e+00,-6.596729245359913563e-01,-1.039672146313389778e+00,4.028420116146206875e-01,-1.545841091689997615e+00,-1.866177145614099864e+00,3.385957687525477766e+00,6.804242811776453070e-01
6.461160028757269025e-01,3.672275828198512393e-01,-1.396938104673258296e+00,1.861418130681363747e+00,1.606670393161576893e+00,1.540326319539296218e+00,-3.583544525491631383e+00,-7.148518098275192800e-01,-5.907841523007602902e+00,1.714888742566306412e+00,2.201187653010456824e+00,2.421105453336626301e+00,-3.181545504002761815e-01,1.393845470595897140e+00,1.950801863001821457e-01,-1.139516372772408470e+00,7.958584051140781268e-01,1.313932761016077144e+00,-2.112625126297312583e+00,-4.351365044090825807e-01
-5.298737250006831934e-01,3.844443423161716944e-01,-1.150040129128288846e-01,7.930248362561895803e-01,7.923457055655943604e-01,8.750533897948054030e-02,-2.375939048599887915e+00,1.682522250773589079e+00,-1.989916174726430231e+00,4.986439086145028066e-01,-1.208053446169229384e+00,1.456682280454651313e+00,-1.474623240977891880e+00,1.094383690244018714e+00,1.531184583032735302e-01,-8.787806680841128149e-01,1.455702186922327890e+00,3.022932047001567479e-01,-5.686331919618554664e-01,1.389948998152918946e-01
4.074491159605064361e+00,9.895459432006161737e-01,5.850646686697207333e-01,5.572171012920522415e+00,-3.833872947110713580e-01,1.591657179355854268e-02,-7.226047339920770085e+00,3.043304659692940728e+00,-6.277844202869086843e+00,2.487506459802218295e+00,-1.017522129039916567e+00,3.381676532271290725e+00,-1.983688365555792421e+00,1.895331434591550401e+00,-5.914053554210458863e-01,7.690865986284619593e-01,3.295664681508958083e+00,3.706754456524366415e+00,-4.866895025796352137e+00,8.517500712347761960e-01
-2.078554872416746857e+00,8.682634441708575457e-01,-6.651162909956238878e-02,-4.076791454469486098e+00,3.742180497499703606e-01,-5.393074622657047179e+00,3.327507850660649247e+00,2.856437060487080348e+00,4.150701773889165835e+00,-9.870346352202692408e-01,2.220211963582036652e-01,7.858703520462406722e-01,-2.029786976191898962e+00,-1.208029407558308899e+00,-5.516121487681542312e-01,1.233655746335598380e+00,3.034383476204885799e+00,-2.225162711781599523e+00,3.249893141257517826e+00,9.458638119933513444e-01
1.071568792098659850e+00,-5.289109862910431614e-01,1.033532753551550165e+00,4.069672631530712792e+00,3.597205418156457224e-02,3.570556059307869123e+00,-2.669208038188239041e+00,-1.635619360583873139e+00,-1.008866131315671266e+00,-3.124336230067881193e-02,-1.304645600411722395e+00,-1.053654584242790904e+00,1.512624554468657401e+00,7.619288784617767041e-02,8.742657877893325602e-02,1.083488019273423975e+00,-2.734943297292696585e+00,5.740898894297743471e-01,-1.687015430502437630e+00,5.168756380678404261e-01
-1.443263257951299394e-03,-8.002989224948172664e-01,-3.179472974666374685e-01,-9.751357274514391715e-01,1.003231244474400263e+00,-1.957933056717094278e+00,3.143888477051928643e+00,5.011004456724350575e-01,-2.522932780670426034e-01,-2.004430897185923488e+00,-1.510650227437271731e+00,-2.354290341838414236e-01,-1.974203693576873420e+00,-7.927747181141051591e-01,-1.949878948762735265e+00,-2.863236703158832108e-02,3.150836978721450077e+00,-1.529856903869496687e+00,1.710675580850812949e+00,-4.034516364034616553e-01
3.282780815545293329e+00,-5.395473867237524646e-01,-6.472165775315247283e-01,3.851278707869581375e+00,1.637118154401606684e-01,6.203630016945953507e+00,-7.462237647684942132e+00,-2.113193095092526619e+00,-7.655818730366581448e+00,1.733446102638051434e+00,2.042917943527705615e-01,-9.100284058363667938e-01,1.132852342427788761e+00,1.255325486162352844e+00,1.200782696615812162e+00,-3.237747217357752061e-01,-1.112495262093774917e+00,3.092130478380689773e+00,-5.391598290556056661e+00,8.651016765529924157e-01
1.054038345475118987e+00,5.895341256952243980e-02,-2.327700939174392469e-01,2.156759729768673139e+00,-9.990433230295318046e-01,2.359962204080876536e+00,-2.701002542468062817e+00,1.670276574761246913e+00,-1.333342102711519317e+00,3.290456240254222564e-01,-1.606451575637649620e+00,1.132115874997930094e+00,7.156450441654214067e-01,9.501531825370317375e-01,1.834100067845236604e+00,5.828098579677281066e-01,-1.051526519075409505e+00,1.318867920622849743e+00,-2.472386446342444977e+00,-3.001448668015359589e-01
-7.911559196124697824e-01,2.251273983540460044e+00,1.482966035153017101e-02,5.478429804580723372e-01,-6.461197557421929361e-01,-6.750001960416400770e+00,-2.168667318212302852e-02,7.680191230969509952e+00,-5.536749857107616801e-01,3.197362639922075589e-01,-8.090414324881858299e-01,6.668311001931638948e+00,-3.508128398189455766e+00,-4.249677317309490943e-01,9.484900238187780053e-01,2.562436481217194584e-01,2.952368989087510442e+00,4.493504245576951384e-02,-7.311852813641974702e-01,1.093648136914287861e+00
-4.827968124629316016e+00,-1.807243535224374309e+00,-5.271542441382324196e-01,-1.772941827595236219e+00,1.295066022685059215e+00,-1.549707883749778636e+00,7.004555329381608075e+00,-2.177296249645171322e+00,3.334947641469672597e+00,-1.490326086632274505e+00,-5.025511226879499915e-01,-6.382807887094914534e+00,5.037267377898282383e-01,3.449235421789070832e-01,-3.856283862940109164e-01,-2.129819220013334791e-01,-2.239296846489926995e+00,-1.689840607476465584e+00,2.866231455122353999e+00,1.376232949991904153e+00
1.881941862197275661e+00,2.503171371802607181e-01,4.384055982218500458e-01,2.871662243153025873e-01,1.174191199692857790e+00,1.902516649477070887e+00,-3.625926357929007082e+00,1.272878945881766866e-01,-4.718774572354443642e+00,3.169862282168526946e+00,6.223344295264889858e-01,3.104797581292537689e+00,6.069244263106420290e-01,1.392263264926577149e+00,6.256418976801779719e-01,-1.281264089908920267e+00,-9.787991188343673210e-01,2.176168540590265543e+00,-2.407181642552055578e+00,-1.408882622975269561e+00
-9.035136572486355266e-01,-1.387029218434838174e-01,-2.088072084289137320e-01,-4.543026601503626916e-01,-1.016542723436665518e+00,9.998594742791246937e-01,2.046554065842081549e+00,-7.497214454356324609e-01,2.117293982072800951e+00,-1.620174726429135958e+00,1.365823092205536438e-01,-1.886997293572790113e+00,-2.171947919444922048e-01,-9.707074922969488595e-01,-7.001735633117048829e-01,-1.789679337132114578e-01,-7.263216885521638355e-01,-7.991680480115366247e-01,7.317035371236120245e-01,-3.043705032306143199e-02
1.376999450446789175e-01,-1.725898464001843324e+00,-1.568405951736680237e-01,-8.831742993606455094e-01,4.686514144190740971e-01,3.803134602399860675e+00,-2.372546191840709806e-01,-3.288576757323888877e+00,-2.264240597777254393e+00,-2.186157396431556432e-01,4.773103436143448786e-01,-1.310121174576979852e+00,1.714042545110055826e+00,-5.588279137500217209e-01,-1.320879501491317165e-01,-1.332045466679572021e+00,-2.591548736285618215e+00,-2.701939646822563157e-01,-5.681968952489047098e-01,-1.897968148606462568e+00
1.323314736323603302e+00,-3.200871776091486764e-01,-4.843925952210038077e-01,1.771091524352997437e+00,1.880619404566560737e+00,7.883479508067541275e-01,-2.887170716102425150e+00,-8.481027819458644146e-01,-2.652676660955736843e+00,1.060504094885364568e+00,1.068503707625921839e+00,3.538298165895240821e+00,1.643574379477935832e+00,1.799155613451074720e-01,1.407818831839669382e+00,-8.579126902663563037e-01,-3.317654351340981300e+00,4.568869067266155271e-01,-1.031899238394370144e+00,-2.512144600751043733e+00
-2.345673306672733105e+00,7.506244342460206831e-02,-1.119018810907221884e+00,-2.945636759963084828e+00,1.468043803398160430e+00,-7.264778302420458189e+00,6.675560660513399469e+00,4.839287421931385835e-01,4.036695854199037647e+00,-1.315578279621203217e+00,1.373128671073635898e+00,3.329953947850957441e+00,-1.319030399940044895e-01,-1.353485099136983560e+00,-6.214973827258481881e-02,-2.332331406933396412e-01,6.514986527550621354e-01,-2.916676359577548450e+00,4.724657992610440616e+00,-2.584493530192762289e+00
2.507700954724381148e+00,6.968666774703918820e-01,7.232756954245382897e-01,1.720487112186980028e+00,-4.195781014652397167e-01,-1.854072121545450313e+00,-4.192368556076390362e+00,3.379658924624691974e+00,-2.678028122788163934e+00,1.208791104439131958e+00,-1.481639899785834658e+00,4.471863553057938923e+00,-1.637425348911434320e+00,7.772287968765733135e-01,1.283402911841587279e+00,1.326966380421358727e+00,2.408172140285857132e+00,1.144085177528139541e+00,-2.273331952368396802e+00,7.816920113722418684e-01
-1.689513812018398120e+00,5.454571721122695172e-01,-1.006859757784771964e-01,-2.527738860589078040e+00,-1.009400234148919218e+00,-8.755235017165563516e-02,1.438469681847789783e+00,-1.449944228991907114e+00,3.090758894679352942e+00,-6.481193290868594303e-01,1.057593176654320066e-02,-1.320916029983604245e+00,-8.433143971190147914e-01,-1.062665991411260169e+00,-1.387409128339529119e+00,-1.523477005878051571e+00,5.230273215859937430e-02,-1.554526038507151542e+00,2.342201015503145634e+00,-1.625435793120565409e+00
-1.601683097599179373e+00,-4.531137172533275526e-01,-8.678981315751395087e-01,7.063882026786294510e-02,-1.450778733482885219e+00,2.386826780363315859e+00,1.896021093133492208e+00,-4.439118151612518659e+00,8.065548759337506368e-01,5.015482390496426301e-01,-5.979275472602518793e-02,-4.135249686128521951e+00,2.835677310705552401e+00,-2.964657105012448723e-01,-1.150543873496303382e+00,9.398915476450736550e-01,-3.471596411061506515e+00,-3.106690065369214215e-01,7.761244912276752395e-01,1.401595371955779212e+00
2.075580805576765275e+00,-5.031357299658458793e-01,1.557690919803276230e+00,3.968822885428052061e+00,-1.619025957406321492e+00,2.875560516120249321e+00,-2.767714704558243088e+00,-1.832986205617950670e+00,-2.551617890063532457e+00,2.590962062756211992e+00,-8.232576217292194576e-01,2.453849019320952785e+00,1.370219378369571750e+00,8.174654152498748161e-01,-7.306424019592002717e-01,-1.449031506210499698e+00,-2.933861737997272456e+00,1.493480075585673417e+00,-2.895283795510746216e+00,-2.953944883778540031e+00
2.836439665162697299e+00,2.211636499317317373e-01,-1.343660288470301944e+00,8.729458338335487344e-01,2.360770988404659487e+00,3.684747649838727490e+00,-6.090440023432867278e+00,-7.270866072770645339e-01,-6.158036669315239742e+00,1.144681951773589779e+00,1.076500987720730107e+00,2.914235865511208168e+00,-5.684430982453827497e-01,8.979883138515344365e-01,-4.420147913895326464e-01,-1.924925761890729614e+00,1.470017982094568021e+00,2.036844707919297726e+00,-3.044657365724034115e+00,-2.347628441881593808e+00
-1.093915584126934792e+00,9.540752282320981159e-01,5.357624582874278563e-01,-1.663046388235167372e+00,4.940874120155391847e-01,-2.749761988209140640e-01,2.207118410575146239e+00,3.781002981721998113e-01,1.593073062578221233e+00,-2.595842905340429940e+00,2.438570247594867846e-01,1.188700455386275223e+00,-9.982781546642898185e-01,-1.251666363609413635e+00,-9.985230552270669691e-01,7.173646176295506161e-01,2.286441756916083978e+00,-7.483817097840335109e-01,6.987056863949030472e-01,-2.519715187790404265e+00
3.005775467172523419e-01,5.387398349949953369e-01,-1.000796166159457767e+00,5.745353557363266361e-01,1.492403809684396787e+00,6.577905344441806745e-01,-6.095998030806307755e-01,2.553113131821704851e-01,-3.437698775212487678e-01,-1.391894447415186420e+00,2.692428966511907440e+00,8.976740244487317888e-01,-5.739643492921150392e-01,-5.353217180606044678e-01,-1.571233234241634635e-01,1.498043899452962679e-01,-3.186740231775020415e-01,-3.845163460535442890e-01,-3.766190822635526736e-01,-4.288360239332457691e-01
3.934536944200488051e+00,-8.347006217888422452e-02,-7.602496902267339429e-01,3.749266493669940914e+00,1.301664255748827381e+00,-5.329069391395406807e-01,-6.249282810588415948e+00,4.283981312321389900e+00,-6.820979568801428528e+00,8.854735407603269159e-01,1.702616505410357473e+00,5.011294276432002093e+00,-1.021440058472167789e-01,1.295507312190662841e+00,1.619177059551865305e+00,1.113518471283380107e+00,-2.518379165038990841e+00,2.667995906972701281e+00,-4.016347068663103315e+00,1.669686615979287803e+00
3.232005749317932608e+00,-1.902958730645378127e+00,6.047819942285385109e-01,4.706977107796325832e+00,3.852566065493176484e-01,8.635502903724036727e+00,-7.152564148569647173e+00,-2.938987296334365951e+00,-7.808400692257428943e+00,2.633700464458298196e+00,-8.446437475683488127e-01,-7.783399652385919465e-02,3.271234266435936622e+00,7.148263423768559388e-01,1.688684717671830593e-01,9.816436971835079683e-01,-5.046283198291739325e+00,3.741680230763070103e+00,-4.981832972640637180e+00,-7.377122845684480623e-03
1.353392479912830293e+00,4.592840086935461724e-02,-1.097965284911272432e+00,2.145488128902588887e+00,6.822068566541610313e-01,1.456727295748564410e+00,-1.844606113702263350e+00,1.181867480811034987e+00,-1.646290982582004236e+00,7.199272056226182492e-01,1.970995176873699961e-01,-7.744545593537490724e-01,-1.635747877312194176e-01,-2.300578656791285315e-01,9.236437127861175655e-01,2.435147005067747283e+00,-2.593110086897861599e+00,5.123646977490927679e-01,-1.194582249199700019e+00,1.610541755649297135e+00
1.885795933263133772e+00,2.941890562260849329e-01,-1.363115177750747475e-01,-1.000283704593049050e+00,1.019658341425681847e-02,-2.306271386404137758e+00,4.644282779642413539e-01,1.603802874082723040e+00,6.817436490150490247e-01,-6.357066375494172528e-01,9.913934094012576415e-01,3.122442504526885543e-01,-7.880353692057142645e-01,-6.598004679036273412e-01,1.597379665948472471e+00,-1.163706314365776873e+00,6.739741722780467903e-02,9.964729206229883118e-02,4.704658192728397581e-01,5.254447819890772919e-01
-5.840137799475407787e-01,8.641340264836016027e-01,-4.557561872899507649e-01,-1.547172496428777855e+00,-2.599355315001734557e-01,-3.563433075876909051e+00,5.652414902265892049e-01,2.251550603123691818e+00,-5.315952407870725427e-01,1.031872932301048706e+00,-1.060618119821335803e+00,1.952086402473734994e+00,-1.324144835423903377e+00,-4.729538811766029749e-01,7.418873256279930051e-02,1.791742817206748439e-01,-2.817268167410147406e-02,-1.332365548080512996e-01,9.662865412139766130e-01,5.168429344005545656e-02
2.491465934178044517e+00,-1.305844336849705911e+00,9.443174617427649853e-01,2.934157246345319603e+00,-1.279258853048083289e+00,3.169233949644326032e+00,-2.692747986889353129e+00,-7.748841609920831264e-01,-2.932801429991902520e+00,1.760096444464822607e+00,-1.915744758494413613e+00,-1.279579264653616821e+00,2.057962813265877822e-01,5.792394886742409099e-01,7.171753139177172720e-02,-6.965647280277783571e-01,-9.904630197369932443e-01,1.972588738166779931e+00,-2.496510689761853197e+00,8.750633442711943655e-01
1.009148278671141430e-01,-6.126929316585862928e-01,-5.174200052680857365e-01,-3.153059335325732349e+00,-4.705748022565811040e-01,-1.930006204802404923e+00,1.198718190650716942e+00,1.992547934091323913e+00,3.466520436124129745e+00,3.242459976444993508e-01,4.656954031265415628e-01,2.065625899019876144e+00,-5.282319790809256732e-01,3.419287971917579771e-02,2.614012864363540189e-01,-3.076073097452642457e+00,1.434745812470805681e+00,-9.452753115683393270e-01,1.883234349219765624e+00,-2.407124328489657739e+00
3.119523257003570471e+00,-2.564949981516954636e-01,-1.152630732440603545e+00,3.655886941722476635e+00,1.996656786933697303e+00,4.015235356663451327e+00,-5.463805311425918632e+00,-1.484734736093637597e+00,-4.871956938310264995e+00,5.340512649412749724e-01,2.179139598984097592e+00,7.681287260038244247e-01,-6.336662954871128406e-01,4.183789680583899773e-01,8.403221144697839984e-01,9.037583678760456873e-01,-3.875029416639375057e-01,8.353181016976580775e-01,-3.304498085585772849e+00,-3.077649886405536828e-01
2.965210731689495560e+00,2.015717509154169473e+00,-1.027207711798253209e+00,4.709240690575065003e+00,1.388900304770043226e-01,2.096246365737076012e+00,-7.224724035281615109e+00,1.251632992362141650e+00,-7.860658635097381719e+00,1.032268555736272742e+00,-5.696411302092604378e-01,4.575662104414680798e+00,-1.357482493564151182e+00,1.449853860115223103e+00,-5.989562728249587797e-01,-7.705969853644791812e-01,2.124299634872330422e+00,2.691486621485841724e+00,-4.979593683237094837e+00,-6.786324253586132338e-01
-5.783307579993395287e-01,5.203737078073058520e-01,-1.397314647065886151e+00,1.347225731193820275e+00,1.311989350221731687e+00,-1.427205700228162177e+00,-1.293843449492088737e+00,1.642610965891150965e+00,-1.678879212171914492e+00,-2.498691763592402748e-01,1.556958772516972012e-01,2.345498725001781359e+00,4.498678886890635220e-01,-4.170115117230026036e-01,6.579200278327870244e-01,6.118601319635256219e-01,-5.449142139863139001e-03,5.925193072811595352e-01,-6.424783781334849619e-01,1.557597717826656458e-01
6.871531319118698855e-01,1.722596612302733199e+00,-8.498297606380700309e-01,2.142673576655974799e+00,-2.208819477889623073e-01,4.048988672932264166e+00,-2.957217148331161560e+00,-2.998758717277760777e+00,-2.233702931630310307e+00,-8.753467067597516804e-01,1.428201302773861592e-01,3.297962048389052825e+00,6.328048652206204050e-01,6.494908279160795939e-01,-1.308200556187886221e+00,9.430898697318170279e-03,-1.445748944161783900e+00,-5.380939461029099480e-01,-1.706478062568740794e+00,1.349084679095101102e-01
-1.042640546169201210e-01,1.253221166858816238e+00,9.390940457041651035e-01,-3.538299055795212311e+00,-6.850684100034239998e-01,-1.417001763747472110e+00,5.039931450772316968e-01,1.403303125862157108e+00,8.870651134265421511e-01,-9.577290313067630123e-01,-2.072677298630369869e+00,1.502814962213033567e+00,-1.496831935846212991e+00,-8.697173826514981165e-01,-1.119196804677877077e+00,-1.868178259153645826e-01,6.922870317232716619e-01,-1.004363413152108198e+00,1.453231517535263473e+00,1.258682778397095081e+00
-8.304624868581995667e-01,1.791026181942344253e-02,6.636410614390519935e-02,-1.674275136950134302e+00,-3.857789757316741341e-01,1.545488295050151395e+00,2.626483486466084649e+00,-3.701638894490517195e+00,1.719370655499401490e+00,-1.153032768331492264e+00,-1.574236189077810932e+00,-2.361661919750330796e+00,1.614613799345136602e+00,2.720886362416655713e-01,-1.107433220576014232e+00,-6.937360399877667838e-02,-1.303358271111166866e+00,-3.355659214719172168e-01,1.344158356536301335e+00,-1.324125260601401344e+00
1.370023004447381787e+00,1.107888734826450727e-01,-4.281363994528318284e-01,2.827102850884169349e+00,-1.382592546362138686e+00,4.673431649267762111e+00,-4.189102921230170473e+00,-7.559489375264205613e-01,-5.165693559936643808e+00,1.376487374233916761e+00,1.338581855075247518e+00,1.811278207968697096e+00,5.322841940536655880e-02,2.335208935198936686e+00,-4.706234398562373321e-03,-1.013713461219539896e-01,-5.338926080315243849e-01,3.038092694531168370e+00,-3.454144329031271887e+00,-9.673885459196107650e-01
5.884907120076837694e-01,-8.237113395136324012e-01,1.991309552145128281e+00,6.480816682913006499e-01,-1.500933477674605943e+00,2.670928210408916925e+00,-1.968314035243277527e+00,-6.046312664253904456e-01,8.519285477569402687e-01,-1.023496391883772505e+00,1.698049317319094698e-01,-6.850127292053571626e-01,5.831315824402751868e-01,-1.075450362360304668e+00,-5.288790185789137011e-02,-3.521395034136408642e-01,-1.965854442801616475e+00,-1.029741112738034481e+00,-5.552888710865544475e-02,2.190798574599344128e-01
-2.721041654094392026e+00,1.151956040691727745e+00,5.642494677980680606e-01,-3.898513424826421936e+00,1.006683191026773727e-01,-5.063864614271815334e+00,6.932386073421568540e+00,1.482805932466472187e-01,5.875968089087989732e+00,-9.550710730223379574e-01,1.606913465706413247e+00,-3.176549996402673770e+00,-1.094091567193173242e+00,-1.934296511403871932e+00,-1.786944637751367804e+00,-7.706063198006820603e-01,2.674499377181202675e+00,-1.719299421483795554e+00,4.048518654116342042e+00,-1.112297494861542946e+00
4.957041492035293651e+00,9.564321291652534696e-02,1.012653370502900163e+00,1.761375704487370797e+00,-1.314958232184420872e+00,3.697527662740600185e+00,-7.394442532163997939e+00,1.126588202325863319e+00,-3.876362541073929080e+00,2.119866805792766318e+00,1.600050566370585070e+00,1.398184480200321600e+00,-8.001554060131820245e-01,1.394001011965914749e+00,-5.007393233097762186e-01,1.560303958976932692e-01,7.616880543110475799e-01,3.591329279937893304e+00,-4.673751140177802021e+00,-1.521889868221798225e-01
1.332875100597278095e+00,1.342211421748421785e+00,-1.387303412631500477e+00,2.984461366422083817e+00,1.745289932698929070e-01,-1.198132208845243074e+00,-1.271163524883516249e+00,1.684539785214530072e+00,-1.602701666711087380e+00,1.641013773287827382e+00,1.096641786445330835e+00,3.099193827541204538e+00,-8.959885373138249953e-01,-9.725327457444854495e-01,7.302959636301088464e-01,-7.554654166074724619e-01,1.132470325841036463e+00,7.754430887081320556e-01,-1.357277407253183021e+00,2.005155336972186397e-02
-1.360835483734297746e+00,4.686740204121702669e-01,-1.955719215736170524e-01,1.963381769472426486e-01,2.181056888528742022e+00,1.006444958356580655e+00,1.292191392411274675e+00,-1.458399454256686933e+00,-1.216085365518186912e+00,-6.219697303534039712e-01,-7.083458541306950629e-01,1.920995469779561149e-01,1.426142909533889114e+00,-1.237637719594468111e+00,1.580969300666823951e+00,1.142263848956104111e+00,-2.024364940473031282e+00,-7.501858234463175679e-01,7.579721320087990932e-01,1.156794829949022940e+00
6.906756798605577785e-01,5.386461520791887558e-01,3.574439890500218098e-02,1.876329663664688896e+00,-1.296414581293415386e-03,-8.420153818029418868e-02,-3.091586207067396508e+00,9.782739846231399694e-01,-4.186180350883893730e+00,6.002872699154241376e-01,-1.060183558698144513e+00,2.637783082833383919e+00,-9.040407332085296233e-01,1.482687811270493317e+00,-7.635908445609179696e-01,-1.040813467288108862e+00,9.218545519506182728e-03,2.248391461395871538e+00,-3.549174519257800142e+00,-4.385203159966921671e-01
-3.672721865508910000e-02,-1.895287561794874343e+00,3.861307158956472918e-01,-9.133232550745074008e-02,3.725057070650938940e-01,4.630552819508877427e+00,-3.331091765897591817e+00,-3.205570731784701977e+00,-4.662213820699775191e+00,1.045181741650247131e+00,-1.249012502960406001e-02,-3.980993740543269155e+00,4.591378837355057918e-01,9.309091745787969607e-01,-1.511771580909676116e+00,-4.110470535404527892e-01,3.359139481261190774e-01,3.113443167763985109e+00,-3.029155285971594225e+00,1.198271595016118685e+00
1.533724577178344761e+00,1.218545900659157466e+00,-7.190549983620032892e-02,1.537146780165482340e+00,-1.002078548533306135e+00,-1.668469365283813177e+00,-2.658673476757769993e+00,2.477778334723297782e+00,-1.406714222494999333e+00,1.503582112726122855e-01,1.885902677972063790e+00,3.389378277764361069e+00,-7.564390560545988240e-01,3.445794466416142177e-01,-2.868523217757900645e-01,8.229986542858666043e-01,9.274066515483758710e-01,9.210135738041255182e-01,-1.910383754567166470e+00,1.537510748862551235e+00
-3.292871031461916953e-01,7.954766182188575119e-01,-5.305359400912996737e-01,-2.653946130729243347e+00,1.126086679568812920e+00,-3.092813306955513930e+00,9.076775843450550774e-01,2.779319052055975181e+00,2.691661666010360943e-01,-7.586346871688456339e-01,9.555252002161033209e-01,3.564350755457217357e+00,-9.550905333163024480e-01,-6.143426223438579470e-01,1.192052247062559855e+00,-9.853844840204668554e-01,1.731535108398789991e+00,-9.143354486818049409e-01,2.096297581162762658e+00,-2.937812542369221402e-01
7.245605151343180728e-01,7.248682374812785989e-01,-1.384432179321569034e+00,1.099191556931550462e+00,1.906995295134304991e+00,1.089159084274984757e+00,-1.735577746887107864e+00,-8.324610936344308820e-01,-4.465373747365781298e+00,-2.012042233396523550e+00,5.205202074166964676e-01,5.085212264470484911e+00,-9.564199825591543913e-01,4.024934873771583432e-01,-9.237091814850816318e-01,-1.800592934802236922e+00,1.207404945034193933e-01,-6.197582388379558882e-01,-1.673269224437570646e+00,-1.577737360579331449e+00
-5.964464448202105862e-01,-7.640004920207270622e-01,2.021266475106676008e+00,6.940111782184543721e-01,-1.381968587236143353e+00,-1.240590440624731450e+00,1.552468235261150742e-01,6.401361378448695572e-01,6.089965272858632872e-02,-3.367831822717030077e-01,-3.482816405975763363e+00,-3.122924585909924167e-01,4.153339013383824940e-01,5.145608701917981920e-01,1.252944809688509409e+00,-1.271238185510525920e+00,-1.123215659279186873e+00,7.845451672974594892e-01,-1.173366871887969065e+00,-1.692595364364350097e+00
1.853852428857583057e+00,9.948558844841303150e-01,1.493265018532051180e-01,2.819597286868257502e+00,-7.672635503316089789e-01,1.530501308138598748e+00,-4.765825831808432334e+00,1.398151628297452653e-01,-3.418626301419168456e+00,3.798590553059263186e+00,3.428015667371212549e-01,2.963712783947048734e+00,-1.742198756111390523e-01,1.158939474372361333e+00,-8.640502887829194512e-01,-6.652351603182524720e-01,1.470388277728023052e-01,1.583272838226130075e+00,-3.054006935881169671e+00,1.686553724314988623e-01
2.388903701059006845e+00,7.526809580878045525e-01,1.506663191056935469e+00,4.352543021300310677e+00,-1.052083098873532574e+00,3.505154353996644545e+00,-5.041349249865349158e+00,-1.558165162008725124e+00,-4.316580035571996099e+00,3.495192566779666166e+00,-1.872483169500971822e+00,1.913415797852620948e+00,2.855481265572925587e-01,1.605575810797308933e-01,-7.859348158534794626e-01,2.272408848946481652e-01,3.146381059901526278e-01,1.806346778592873736e+00,-3.807400607554732197e+00,-9.674089010257621579e-01
-1.446007070176308584e+00,-1.867669399038652145e+00,-2.573713095716928523e-01,-1.028850691620627256e+00,2.995635372225358140e-03,7.433314681696026938e+00,4.151296128689909715e+00,-7.836295521695952004e+00,2.088406307969302045e+00,-7.679998760713711015e-01,8.869649628529213681e-01,-7.085121180761897897e+00,3.130079788795503859e+00,-1.578824317005769640e+00,-1.373221511623580415e+00,1.510154803830931147e+00,-4.061925155270890819e+00,-1.460693576906908930e+00,2.627411948725693058e+00,-5.832903352726033219e-01
-3.923626460804684690e+00,-1.061961389615039275e+00,9.580152527093225290e-01,-4.186927602774010104e+00,-8.104377741120274425e-01,3.995819571057398711e+00,8.841285247855807938e+00,-9.010464440908608097e+00,6.427219906071372613e+00,-2.713964590144065436e+00,-1.795282531000794268e+00,-8.131704122802245749e+00,3.975671439008879648e+00,-1.608617892476856825e+00,-7.636473960535843375e-01,-4.073465160150904762e-01,-6.608331549761193635e+00,-2.977281515330239881e+00,4.137415362089981841e+00,-2.316772041375909197e+00
2.469897757209505773e+00,1.878547116811226103e-01,-4.862518537414505237e-01,1.708754805315546577e+00,1.998957976159079220e-01,2.408482562863248355e-01,-3.323016459784752907e+00,1.338368094273214570e+00,-4.383660192965013636e+00,2.064569106891045891e+00,1.052240849940140333e-01,-2.902417376836843754e+00,-1.151073377763323524e+00,6.826140621193591551e-01,5.515300678027568182e-01,6.402451410366233331e-01,2.231149496089679829e+00,3.271202939992697623e+00,-2.641902441427119719e+00,2.498526751909694532e+00
-9.802135859375626925e-01,-2.938449361550843908e-01,-7.663036912903464781e-01,9.068263582379673116e-01,3.988308901036918819e-01,4.138931878063294989e-01,1.545782276929394961e-01,1.527828034069707019e-01,-6.975428171856926651e-01,-5.100672357557581860e-01,1.976945499720692001e-01,1.543007379373693366e+00,1.078435370604751808e+00,-1.191545487454549052e-01,5.788331180134238529e-01,-3.943045908356190288e-01,-1.978944682653621889e+00,-1.655271439538379685e-01,-8.647826317901563531e-01,-8.425583387220829668e-01
4.196627365931106524e-01,-6.385476044980299415e-01,-1.392172269731707157e+00,1.632702137921984153e+00,1.952300362965141645e+00,3.246948420339597519e+00,-7.342654901203864437e-01,-2.679084895779250797e+00,-2.869193161312035834e+00,1.191257970804548316e+00,-1.032234942493490681e-01,-1.836160194275872959e+00,6.462052023071177542e-01,1.216317709570138711e-01,-1.434132538794943068e+00,-8.096653708622919554e-02,-4.052077409872273384e-01,1.137663198846323498e+00,-1.099571959816185718e+00,-4.280944357454841698e-01
-2.553390939000706350e+00,6.901920133304911831e-01,1.709397501638773464e+00,-2.047796071643346316e+00,4.533833372001327966e-01,-3.444602192809409491e+00,4.509603966016987542e+00,3.443619361367218357e-01,4.736543629525137078e+00,-1.782843847416317296e+00,-4.419913795570966641e-01,7.374963196322692482e-02,-5.656279235733679966e-01,-8.720736825801185255e-01,-2.505163615368604657e-01,9.850761039087249094e-01,9.384219187894004000e-01,-1.825901157791126828e+00,2.996699715304705691e+00,1.801375926740329314e+00
6.601605493578928119e-01,-8.297468367311484627e-01,-7.459794301973642350e-01,1.526997995739078240e+00,1.207775887023442851e-01,2.610682331947117518e+00,-2.222184850176038839e-01,-8.816375160975824521e-01,-3.665797848650531598e-01,1.362856806462326542e+00,1.395179881242851527e+00,-9.945833527362072379e-01,1.072288395911159764e+00,-4.482659145678715706e-01,5.239435300609512902e-01,2.542195509937982267e-01,-1.894070495299268408e+00,-5.381847542931775807e-01,1.790687381090191321e-01,1.413119159066667851e+00
6.509758031481679419e-01,-1.399053480450494380e+00,1.765294353041038322e+00,8.562198528564676780e-02,4.717932557053310383e-01,5.759276474401021417e+00,-2.471066470231660261e+00,-3.047756594197808866e+00,-1.122107258984448519e+00,1.052996236871231783e+00,8.068868259108552543e-02,-3.665345813993180268e+00,9.238418061423261385e-01,1.902712716751016331e-01,-6.117813989187326218e-01,-6.710348917868991236e-01,-1.575805081764204418e+00,6.793060554957838226e-01,-5.605952669981304481e-01,1.781092953554797020e-01
-5.159339002832413756e-01,2.438996079692358876e+00,-2.516552140118518910e+00,-8.808711212485430542e-01,1.197213290089075732e+00,-6.272573117277742583e+00,8.873609770362311799e-01,6.564574595786822009e+00,-1.321979871445414290e+00,-2.072528267725069373e+00,2.558572310680813811e+00,8.681913366802215037e+00,-4.327512761589353829e+00,-1.251057489774858866e-01,7.018545634488100315e-01,-3.547050638072453688e-01,7.128491971220793033e+00,-1.704611603888872562e+00,3.723846146619114172e-01,-1.217090478049745794e+00
-1.211614954627661334e+00,-7.021084576266174437e-01,-8.688543935858212830e-01,2.278083738263523728e+00,1.323321949153525967e+00,6.900621215812166032e-01,-2.123867079906353705e+00,-5.526337502593881013e-02,-1.565575177964766418e+00,-3.115720534555427301e-02,2.281507139236850890e+00,1.759612923249475269e+00,1.372410763707243575e-01,-1.639069288336336694e-01,1.067266616295108106e+00,1.051485317765587846e+00,-6.230844872011067626e-01,-3.768593514487125762e-01,-9.980778701108439233e-02,-8.814181995799258429e-01
4.511984402982454068e-01,7.955082958348110855e-01,7.722922800258309739e-02,-1.271658930316009739e+00,5.641627564069275902e-01,3.001847596536505236e+00,-3.206548865679214044e-01,-1.855297787768579010e+00,9.740256272712035646e-01,-1.225984980102770849e-01,4.833495655986903561e-01,-2.726425925792390181e+00,5.312966518179086384e-01,-3.237961370772116099e-01,-6.435567050058853544e-01,-2.933689210872699182e-01,-2.148082174771980490e+00,3.765763196824289949e-02,1.996301571970637290e-01,7.698195022003191390e-01
5.416265909817784552e-01,3.742660409976970914e+00,7.860071858863125760e-01,9.897949635396696699e-03,-2.672475857915367570e+00,-7.095735460179234622e+00,-1.841182765863191406e+00,9.322700246900678778e+00,2.140971063094577076e+00,-1.332960423047685250e+00,3.690634032008843768e-01,9.816480773397943338e+00,-3.839443001120942167e+00,9.008189019874653924e-01,1.201655292952904963e+00,-3.009891651518555311e-01,6.012854966513383914e+00,-8.946492003343544663e-01,-2.689562723639642439e-01,-1.030716756492802810e+00
-1.391357708435598806e+00,2.064376715514830984e-01,-1.190426341115837561e+00,-1.534595125013418437e+00,1.191102792087316953e+00,-1.624836427152850149e+00,2.631539493640312255e+00,-4.118969390745330084e-01,1.336327213191384589e+00,-1.403917077252083256e+00,6.312133012233954732e-01,-1.261904361229884697e-01,4.918048215767848452e-01,-1.285325443859486994e+00,-1.196121546403487723e-01,-8.598679001687295487e-02,-3.442798768212075089e+00,-9.368786419893856410e-01,1.851075856941989173e+00,-1.247139039731409271e+00
-6.803656512617944907e-01,-1.126606891030304647e+00,2.067345973944391346e+00,1.988420853616230388e-01,-9.735309270719092467e-01,2.126467664200446972e+00,3.429512925768086529e+00,-4.070948192450543068e+00,4.716800037072894192e+00,-5.642245614796109754e-01,1.505440231974524590e+00,-4.455990473179634925e+00,1.556685476950286917e+00,-2.777596831343708272e-01,-8.641930289002935917e-01,-3.709407834407591475e-01,-3.516315968280988358e+00,-1.818458760668704821e+00,7.652435015119993800e-01,-1.346479072495840645e+00
1.423505550681273046e+00,1.869676466406006821e+00,1.585089310999454826e+00,1.277061062766835731e+00,-4.662969315349622113e-01,3.947418207197851636e+00,-1.617930356648188850e+00,-1.347279120617151049e+00,-1.721792016518505442e+00,4.912421175734353884e-01,-3.568997654890556648e-01,3.363154494536643169e-01,-7.935511551778925421e-01,1.297042171283215195e+00,-1.128814843682057978e+00,-3.439902391138688897e-01,2.587159171941822988e-01,1.275201936104157996e+00,-1.494184820684645087e+00,-5.531585692995277803e-01
-1.964949176182233082e+00,-9.378075747540041973e-02,-3.485586017556324134e-01,-3.047422631179378616e+00,3.135812750505184709e-01,-1.155290198523554412e+00,3.161879624848321413e+00,-1.301298792555086736e+00,3.356105360465313936e+00,-6.636318145172229732e-01,2.566726027337838945e-01,-4.367363460137825726e+00,5.758111258087855733e-01,-1.309250387196463916e-01,-7.479308853383119793e-01,1.329689057904034355e+00,-1.602293003816009254e+00,-8.381391387132739457e-01,2.180531471756014916e+00,1.375838207441812511e+00
-2.252704578772018351e+00,4.653976275899029402e-01,1.416628234466220659e+00,-5.086001957819159536e-01,-1.710277233667522712e+00,1.121835836211705573e+00,5.222846528778122277e-01,-1.200099636860880725e+00,8.606682473075727424e-01,-9.633988685390896256e-01,-2.677470197741149249e+00,1.156972277868727028e+00,-5.116234612056712594e-01,-4.871958604273382010e-01,-8.832468964877152606e-01,-3.418989681756747778e-01,-8.832758913016686142e-01,-1.505988711756738319e+00,3.509658414519056802e-01,9.281478520560976220e-02
-1.047660902376934766e+00,6.037949857409786736e-01,-2.286721413959949545e-01,-1.337456473391650524e+00,-6.829055825094210164e-01,-2.584672718056521212e+00,2.899435760614126334e+00,-5.307219816319275196e-02,2.201681780251415699e+00,9.548050438216137970e-01,5.714714466021402206e-01,-6.583322915310992895e-01,-7.844232056245812323e-01,-3.343931696346185700e-01,1.655470742920439331e-01,-1.275900836068396105e+00,1.198326062359308164e+00,-8.127806299855371286e-01,1.137916414755333339e+00,-1.387001531381204744e+00
1.626839468247306630e+00,3.409839453829970890e-01,1.114542264224866575e+00,-2.230270225349502144e-01,-1.083286706334957383e+00,-3.442355720948365727e-01,-3.980225358422451620e+00,3.098187299051574861e+00,-3.245329988409762390e+00,1.283657849828410358e+00,-6.818289536855259847e-01,5.899617103369275029e+00,-2.050063782260596490e+00,1.001797615530166885e+00,-3.743456304084495923e-01,-1.487031671015111245e+00,2.906395144235435879e+00,1.838621826036087814e+00,-1.403577152161525010e+00,-2.441561007143056905e+00
-7.433576223291036289e-01,7.854012646486585592e-01,-7.385701962740316429e-01,-3.083439950509650362e+00,-1.056807992371636473e+00,-1.900185612149180248e+00,2.736143642522789854e+00,1.164636208362402670e+00,1.248031948228687238e+00,-2.750622479586838587e+00,2.507948923671841079e+00,2.585758826034103119e+00,-7.335466646830901549e-02,-2.103243929297914594e+00,-6.507907179609836446e-01,-3.929118135783050692e-01,-1.098964709471669798e-01,-2.328014880207967874e+00,1.605265584144412783e+00,-1.374362280928569380e+00
3.536285061175080013e+00,-2.062714675488702964e-01,4.903006714356525353e-01,2.250697351998869777e+00,-3.601227718826155444e-02,4.649449699774345746e+00,-5.842540604590868547e+00,3.730680719241359355e-01,-6.205705958089279051e+00,3.027322533808460836e+00,-4.308485821041908581e-01,3.846591081046260019e+00,3.544951279612222894e-01,1.954545870846609690e+00,3.770945650417003026e-01,-1.062406016658431207e-01,7.314605225771565467e-01,3.039785705967708029e+00,-3.703279908516219798e+00,-5.409761173852949412e-01
1.098164862110151407e+00,-6.655717532077038978e-01,9.386169238717750885e-01,1.870749718401746087e+00,-1.302152453423327527e+00,4.855538163166738030e+00,-5.047277703012650996e+00,-7.460526773740182582e-01,-1.752720911719743091e+00,5.210318928853950871e-01,-6.659834580433989792e-01,-2.223572981965896922e+00,-2.764556971073888203e-01,9.942677120917822187e-01,-3.868630388544685439e-01,-1.650588805073102960e-01,-3.625432166323145911e-01,1.491691237735104369e+00,-2.451113313543406669e+00,-3.837408511063429284e-01
-3.750869032228775879e+00,-5.390422198591562353e-01,-1.091974181119325094e+00,-6.420512051820162824e+00,7.463267545609879594e-01,-8.336501237449901680e+00,9.107563418104911435e+00,2.753860035081499014e+00,7.043980543914638126e+00,-2.912950053621536473e+00,2.175599043453580350e+00,-2.443721677242964407e+00,-1.636559197090286411e+00,-1.852865999435690192e+00,7.610580641793814882e-01,-8.162154772929284263e-01,1.717740491882980169e+00,-3.843984835684112866e+00,6.674794091953762276e+00,-7.790355121318331966e-01
1.889656437357041474e+00,6.963478048863592784e-01,1.287757523987749508e-01,2.182934914984021813e+00,-1.721594629046266922e+00,3.240088543911648244e+00,-3.283223306800679975e+00,-9.854823569074618872e-01,-2.624615819767335267e-01,1.445316551789366244e-02,-3.985731831880973131e-01,-1.268937859531585222e+00,-3.942775544520293884e-02,1.227097349300603879e+00,2.678076504057138457e-02,-2.373103771462949652e-01,1.525929417429891632e+00,1.605797357304270090e+00,-2.059103743160148881e+00,-1.046335322988165284e-01
1.873827216959063735e+00,-8.537448994542966574e-01,-6.714305019965646770e-02,2.909742262961762638e+00,6.216824256796636972e-01,4.749487313042791925e+00,-2.984828782004615100e+00,-2.643376119298460392e+00,-4.810800248893833952e+00,5.281175958955547367e-01,-3.989299274820071184e-01,-5.912137767958731693e-01,1.296827316923333751e+00,4.092312942957938571e-01,-1.011000189338239208e-01,6.275931654795529058e-01,-2.245630499205577557e+00,1.613057884096827044e+00,-2.765198649898743977e+00,-5.824037151003522705e-01
7.289138195862121528e-02,-1.189091842768126073e+00,-5.628469162508826784e-01,5.843517352002219889e-01,6.447363334556730496e-01,3.897694256825752657e+00,-2.098547196437599460e+00,-1.921815928242090576e+00,-3.459052799996944927e+00,5.911189255321004365e-01,-1.567888420414343731e+00,-2.792208968754902099e+00,5.888048549053067626e-01,1.412280040552830185e+00,-1.828092023359898288e+00,8.340879032121839565e-01,-1.046700407386905063e+00,2.258739291763444346e+00,-2.024175078922803017e+00,2.572727798014598388e+00
4.341754468589565374e-01,-1.471066724078631038e+00,-5.059078827384794197e-01,-1.636589732982635326e+00,-1.224024145652675144e-01,2.213866720230500906e+00,-6.796528424809664681e-01,9.700168831872706399e-01,2.987699880904526317e-03,-2.961328352810177478e+00,7.982585426440858001e-02,-8.080981536511584462e-01,-7.278104157964588872e-01,-2.253450929738813335e-01,1.004253160814678747e+00,1.226228494407598513e-01,-2.269242106579123508e-01,-3.191387355064086995e-01,6.279930438830124695e-01,1.500293332036301663e+00
-2.753908406517028951e+00,-4.144504644618571265e-01,-1.108818613004435516e+00,-2.541653316496625514e+00,9.032306399821956600e-01,-4.467661391084721600e+00,2.479191172806291199e+00,2.015806161456227930e+00,1.302124049303494235e+00,-8.475129695575334132e-02,9.331700639250323226e-01,-2.718476538076923799e+00,-1.037061706047117449e+00,5.196275217947037006e-02,9.764483976208160332e-01,1.004000372157044518e+00,1.612860455517904912e+00,-5.781148196592763577e-01,1.993210278204467834e+00,2.498435335540624358e+00
2.672841161281677369e+00,1.328028116230159927e+00,5.946357420007229999e-01,5.087107544246693536e+00,5.727414204017404753e-01,1.515463246486622229e+00,-4.511217181184997926e+00,6.619932023490349149e-01,-3.575116350912495022e+00,7.994225502763061542e-01,1.154060755997137422e+00,-1.559815635806671708e-02,-1.217423989080319124e+00,1.063512722988339876e+00,-1.500910091633405052e+00,-8.381164907167441003e-01,3.148684930594782827e+00,2.132293481327699247e+00,-3.317100843166805202e+00,1.759731641501205424e-01
3.080204713972832797e-01,2.383581022010899941e-01,-1.897331652419607551e+00,-2.119250051605408469e+00,-4.475177040557352104e-01,-7.296405605848061970e-01,-2.990737836951333772e-01,2.192406436042718454e+00,1.353954848184949267e+00,1.035644203115854367e+00,-1.543158759722282891e-01,-8.265681975678095261e-01,-1.276907192642432909e+00,3.358851861760561164e-01,-2.956129028460805497e-01,6.226751877598006857e-01,1.058320757293367276e+00,5.561814266424351949e-01,1.201185870850337345e+00,8.758955395103851238e-02
3.318454939073545717e-01,9.376313999367674734e-01,-1.088639359894670422e+00,1.393624650967157930e-01,5.012168155954723758e-01,3.761080376171832995e+00,-3.381130421332325664e+00,-1.290978040001134142e+00,-6.550662419008603798e-01,4.242599268697194725e-02,2.507289415702550706e+00,1.021677441595449487e+00,3.513621735354764963e-01,1.383051819541397942e-01,-5.644242929389348129e-01,-1.224740865143218560e+00,-1.694087215623051756e+00,5.091058134190595830e-01,-1.133052264291994016e+00,-9.803068172983199213e-01
3.574579801586643679e-01,1.409726045679784434e-01,-6.527663491805874019e-01,8.132652281288477170e-01,5.203425683181842620e-01,2.335285058892459631e+00,-1.837348378417373307e-01,-2.333599734145214821e+00,-3.204041343348961179e-01,1.175930443458655938e+00,1.230280281998153424e-01,-1.019904120286073912e+00,1.096860578656465357e+00,6.455889898128373133e-03,-2.887525510927552164e-01,2.242869920716929200e-01,-3.291467785700616933e-01,1.019531517684026667e-01,9.285756419238330728e-02,1.546636716284189195e+00
1.614249058599960707e+00,6.994939162533275745e-01,1.923451116339640388e+00,2.375293693041880871e+00,-7.443351927931460832e-01,1.183680060696139291e+00,-2.551425108309435696e+00,3.379690037114205792e-01,-2.569774913055877796e+00,1.278091571386816394e+00,-9.878860379704330619e-01,-3.076201856558546943e-02,2.012563780961873494e-02,8.255326131800655443e-01,4.662141083933920571e-01,8.598327675063894837e-01,4.594921571842099928e-01,1.087177078031485555e+00,-1.807193646981392954e+00,1.993494296446829406e+00
2.733826866106776610e+00,3.917890668690325873e-01,-1.200023266612539663e+00,9.017919587643073998e-01,1.021663531426371119e-01,-1.327582995802346844e+00,-3.372347847191382808e+00,3.568775419579745645e+00,-1.441679029385087407e+00,1.314265853516044524e+00,1.471394853762430621e+00,3.546308929756073702e+00,-1.145165080234644472e+00,1.019680064589993718e+00,8.005926460888356244e-01,-1.069283174703878903e+00,3.473847377712439233e+00,1.721963175752965425e+00,-1.458588071782212614e+00,-9.278098266387595494e-01
-1.660091035926972047e+00,-1.745138786151347432e+00,-2.528507667559644290e+00,-3.507094978888051884e+00,2.413377544621933879e+00,4.453160750005886737e-01,4.732401264026587562e+00,-3.490679686322201380e+00,4.950666280123071417e+00,-3.742323519871099791e+00,3.137244245144690247e+00,-6.879444097091775845e+00,-6.128494046190735567e-02,-3.728666805538315421e-01,-2.311007988560187520e+00,-6.560102470334693292e-01,1.367222630701702135e+00,-2.775997476568192734e+00,4.213586090131058448e+00,-1.096655112229909745e+00
7.954250175818267099e-01,1.100984004962672458e+00,4.742045304064425038e-01,3.045450058591015363e+00,-2.360665691359444374e+00,-3.965284777259196591e+00,-2.692050868269422637e+00,5.795105761095191710e+00,6.508615817474250331e-01,2.378155396153869561e-01,-5.920513256461580331e-01,3.011454778145514766e+00,-2.293085817140040561e+00,-8.015648906263475038e-01,7.478040853543982402e-01,3.047766423786570922e-01,5.019902504503041207e+00,8.913204365939275675e-02,-1.546289050720752956e+00,1.685156771005087983e-01
2.536425275601102314e+00,1.907435851069669397e+00,-5.201635737058558639e-01,6.888636227373252652e-01,3.927584405716107341e+00,-2.318644339853277891e+00,-3.296223548530266001e-01,2.358367311616920592e+00,-4.121126500627227962e+00,3.638732768738141554e-01,1.897563041621938007e+00,5.780278926350133517e+00,-1.006470645246167805e+00,4.003567728200081444e-01,1.279499547584609598e+00,1.485809306010600794e+00,1.373666890135216256e+00,8.667138403066507735e-01,-6.765018424567293964e-01,1.336685529705741393e+00
2.638083105561010111e+00,-7.034524459580765443e-01,-8.563397742957026271e-01,5.535032874163526850e-01,1.438789968918245288e+00,1.535592282787517693e+00,-8.565689754474601347e-01,1.227246176468799188e-01,-1.719804692551095915e+00,-7.452981150579751635e-01,-8.679385463877504758e-01,1.577714897769742386e+00,8.751090501359265472e-01,8.668270258176654641e-01,-5.935691380251742477e-02,7.391463181727231380e-01,-3.268315776723343946e-01,-5.848883398696711478e-01,-6.959239171213815744e-02,1.302018088323312117e+00
-7.580176798739621802e-01,3.042072241513641973e-01,-7.258364589940150546e-01,-3.744430547856905100e-01,1.676763285553060090e+00,1.267552139875615769e+00,3.018586139745951247e-01,-2.012389606626060257e+00,-1.107157892949734546e+00,-6.896540625835174687e-01,7.134012781087925026e-01,6.113062232731409917e-01,3.590609913643935669e-01,6.786373670768690580e-01,-7.267885365938607789e-01,5.313171608241292754e-01,-8.856739888779041614e-01,-6.920927832572302263e-01,6.239382898523698762e-01,1.275961540318835796e+00
-3.468268660213937871e-01,7.470305433878516865e-01,-9.693736932776845228e-01,1.563148067288224974e+00,1.735014844540659906e-01,1.069878964655702536e+00,-2.425704198728885874e+00,-2.981914211363146938e-01,-3.881895810170523653e+00,7.012713006120850912e-01,7.104423819047581690e-01,3.599950848832917494e+00,-5.177592512272174430e-01,8.953589781178008522e-01,-1.133191450508634235e+00,5.009660056035739051e-02,9.132671445012952027e-01,2.638389082783209050e-01,-1.947909222069747148e+00,6.847964573331811744e-01
3.126149353568076439e+00,8.887650259772316153e-01,-1.032637940107673652e-01,3.407241157834580036e+00,-4.188923469990080140e-01,2.818033126717408798e+00,-5.251169980431425799e+00,3.845250213692442687e-01,-7.099519652111381696e+00,8.677238516149393677e-01,-1.114477667836678121e+00,2.902404648386300412e+00,-1.544312098304817527e-01,5.969863062826631372e-01,6.236038121500009357e-01,1.679597749117240080e-01,-7.593002270652536856e-01,2.515667433298188982e+00,-4.630252353968674406e+00,-6.955941113317550828e-01
9.270106199472413211e-01,-2.301708525684555140e-01,-1.846804699925671089e+00,-8.336397533531951787e-01,-2.829739935418291719e-01,8.621459605243376734e-01,1.592055601153038458e+00,-1.085938481541832479e+00,2.868585478924612353e+00,3.922402355070495616e-01,1.624662757280137759e+00,-7.064382901416546012e-01,1.552404750710265180e+00,-3.913531867424344668e-01,1.010569747456741219e+00,1.777479392391840829e-01,-1.832001771798442036e+00,-1.862532529343147170e-02,8.172468300173406641e-01,2.441670201088017578e-01
1.346261251279565196e-01,-1.801500023262871286e+00,-1.652718493068886074e+00,-1.647623657653372042e+00,3.216921309375050164e+00,-1.656625863696208123e+00,2.647288124742186888e+00,-1.682252435224571574e-01,-2.820060751986452452e+00,2.390328888315675915e-01,2.355572586161759130e+00,1.271285967596517130e+00,4.719754175342045777e-01,-1.449198267047703714e+00,-2.513492589549706224e-01,-1.402927377678848675e+00,-8.499588652828018454e-01,-7.930877709489647653e-01,4.432703922847184286e-01,-1.395599184205785548e+00
9.929482040759387562e-01,-9.130651546418636633e-01,1.665819983972222529e+00,2.495851795020847419e+00,-1.804333109084612197e+00,6.255929894956399728e+00,-7.150711764209418675e-01,-5.554550880378659627e+00,-1.146186520485328320e+00,4.003224429666975004e-01,-1.828099423371298160e+00,-4.642260053482694104e+00,1.981136001419952164e+00,1.184609346861735135e+00,-1.183101389409471960e+00,-1.075642242592039916e-01,-2.602318015800321849e+00,6.071779873123871463e-01,-2.634194038376740821e+00,1.029263428063546870e+00
1.421719740209187233e+00,-5.394567751414919288e-01,-1.879039493018147322e+00,2.540343028968246486e+00,1.371044823996216522e+00,3.743976076905589423e+00,-1.090021195441298829e+00,-2.234883633758098398e+00,-3.894196415314981952e+00,1.506388253960926349e+00,5.947740237174821143e-01,5.229808474280308594e-01,2.722438057645391929e+00,1.989480441798567312e-01,5.948069097407581163e-01,-4.465093557336890506e-01,-4.809120421000951495e+00,9.352582680526668746e-01,-1.644372864117072286e+00,9.794996719618898062e-01
3.237936899859952700e+00,3.305060974823322839e-01,-4.659398034777849640e-01,6.066361042306382068e+00,-7.926876241884934782e-01,4.262578226964933492e+00,-7.448042893395001585e+00,1.114539603773937682e+00,-7.518910239520538497e+00,2.211907323084556953e+00,2.262731456248903150e+00,3.510830283304605004e+00,-9.075789456857039639e-01,2.134026618498591876e+00,2.816151241473713873e-01,-1.423179668183237379e+00,2.512497566707921237e+00,3.345133914932113761e+00,-4.937872768803678092e+00,-7.856283473635468084e-01
4.543700117713957987e-01,2.022824335011801367e+00,7.792551539939162053e-01,2.183904707714074966e+00,-4.446854711608546618e-01,5.860788604240303457e-01,-1.760311530792109114e+00,1.656749426357683408e+00,-1.453455344272629901e+00,1.921364362013619598e+00,-2.157177911295182771e+00,2.392628363986299078e+00,-2.084463794543309767e+00,6.017069952057532145e-01,-1.656021278949278142e-01,6.222767952196447405e-01,2.935432240007189275e+00,7.862449630995639316e-01,-1.186577118466215941e+00,-9.797456596547632346e-01
6.942599233173596396e-01,1.486267566438288057e+00,-8.167406489177996276e-01,2.319190910746883327e-01,6.049992127197767466e-02,-2.990044761776634807e+00,-8.779405194855107730e-01,4.026818616128280404e+00,7.106069885527578345e-01,2.153039591779337680e-02,1.364461082706240003e+00,8.569064902619853985e-01,-2.296924168699904900e+00,-1.999928406526676472e-01,3.395521327038254489e-01,7.069440366641382978e-01,3.625833019693525117e+00,-2.330517290129174302e-01,7.519118828860998915e-02,1.144778164638971418e+00
1.951739745886529986e+00,1.053644721579891197e+00,4.408900029686976252e-01,2.213017308936126692e+00,1.541707374299968181e-01,5.816834316550216766e-01,-2.468785629902365830e+00,9.517120618430870982e-01,-2.632531546976254688e+00,2.817175910602661482e+00,-1.994658485479982257e+00,2.058893336059473889e+00,8.521612829794478206e-02,1.295361459565797790e-01,7.875487308962407784e-01,-1.179359746465979297e+00,-1.043043413020753096e+00,2.050985527729006996e+00,-2.231796466048356908e+00,-7.465062280397212202e-01
2.087540976839393547e+00,-5.518042867713066624e-01,-5.858639336722588631e-01,5.821609058264078485e+00,1.358989791682061909e+00,2.298209545945189447e+00,-4.436596313710624351e+00,4.862141654006135738e-01,-5.290711071403280563e+00,1.792309109212176566e+00,2.880019987755377819e-01,2.407982837555528555e+00,9.851148092678392310e-01,1.665378882840165886e+00,9.479987213229341680e-01,-9.861126733311758041e-01,-1.889479335475877209e+00,1.643720337748822091e+00,-3.343130795604829508e+00,-1.823057842731414802e-01
4.932639286890374009e-01,-1.604292901438342911e+00,-6.637725235713953786e-01,-2.035472721099782945e+00,2.023957042523110150e+00,3.660325246879612582e+00,1.772503664266793066e+00,-5.020070870996450552e+00,-5.565136100841877598e-01,3.021613666565114542e+00,-7.011927897750418470e-01,-4.854377397217312762e+00,2.335378079544559338e+00,-2.102132543720076352e-01,-2.274911205825824734e-01,2.112303062405083975e-01,-5.229545139042859780e+00,1.050675297837789124e+00,5.301343870469938935e-01,3.579692852107969059e-01
6.379276060453853425e-02,-3.506984694104258726e-01,-1.001897010754231321e+00,1.774809890964979875e+00,1.801169229010465056e+00,2.165637381400125960e+00,-7.671066695858532736e-01,-2.051083743222012146e+00,-3.864917580683215892e+00,1.566065771443071464e+00,8.802425995352824994e-01,1.036062740467745824e-01,1.551702250481437062e+00,1.454516740475624292e+00,-2.247823548382293229e-02,7.854269945917334572e-02,-2.580622459316014528e+00,2.114618144954828693e+00,-1.829487963049127419e+00,5.207838653232012005e-01
-7.323215378554859267e-02,-5.686327879395632889e-01,5.560195372208395215e-01,4.997095575434715720e-01,-9.784504034207947010e-02,8.830842318875982144e-01,-1.653996177302764936e+00,-3.601547458445244487e-01,-2.086228558959044133e+00,-1.811849432814426786e+00,-1.428980244179990811e+00,1.819196829879660804e+00,7.778889056431901317e-01,8.506824549652250433e-02,-1.997082872605386236e-02,1.224024872905333572e+00,-5.224232911988356820e-01,-9.519819268217988295e-02,-1.222238341122923622e+00,9.279385927279009127e-01
1.364632832512805205e+00,2.816431208247514029e-01,1.853008537694746050e+00,2.004608800819334125e+00,-4.898982951731336577e-01,-3.544834557155555066e-01,-1.740957625199104797e+00,1.290460251323011009e+00,-1.648389727279296668e+00,-1.854181410749908387e+00,-1.400901194619651902e+00,4.490195472038513991e+00,-1.421705079980667974e-01,-2.469046991413895512e-02,-3.235657292013074393e-01,-1.954772062167646207e-01,1.121361689521230387e+00,-8.941742120763480905e-02,-1.631357223967084824e+00,-1.215039832959889265e+00
3.146428757646039243e-01,-8.562295650726279295e-01,1.286235227701983730e+00,-7.872887508338768381e-01,-7.856805539551204864e-01,-3.345388235185324799e-01,1.393732556554934554e+00,-3.649467254827647444e-01,8.836204839931030008e-01,2.485413344540784220e+00,-2.807815739266712463e+00,-3.185156291209486401e+00,3.997085571114986635e-01,-7.415152657234282962e-01,9.561244849480798891e-01,1.648096604680708011e-01,-1.667283066338399178e-01,7.936218452753346364e-01,2.301024585655635502e-01,8.161752390422367665e-01
2.205349175403437556e+00,-1.851157631886997945e-01,-8.060460800154602978e-01,3.146570738230150432e+00,-1.148680005075617405e-01,6.105500817781194911e+00,-5.195020138159444301e+00,-3.795009207427797904e+00,-2.886410722752768887e+00,-1.006581552272233004e+00,1.530830222474323765e+00,1.383444515389298024e+00,2.062979059244657964e+00,1.064789491162550089e-01,-1.429568076178540925e-01,1.306071687451230701e-01,-3.431539079905927991e+00,-6.123679667395223181e-01,-2.073812597962644944e+00,-1.017128788894253066e+00
-5.280853158636565903e-01,-1.731984205570284541e+00,-9.572620069136084098e-01,1.818634179748012780e+00,2.096305697066372264e+00,1.348338288472879842e+00,-2.431851566112256613e+00,-3.216647719825211915e-01,-1.495074707206657028e+00,-1.645096790304567125e-01,9.251493039858322831e-01,-2.111540285026271224e+00,7.403125613209993183e-02,6.381003069763134805e-01,6.491119535322958933e-01,9.501050208747030545e-01,-1.762534450358493876e+00,3.235771012684431902e-01,-1.508949019477262010e-01,2.176873568146915350e+00
-2.038086054065004316e+00,-4.531009870509092319e-01,1.375861854905471526e+00,-1.444570102358477381e+00,-4.047545314879986145e-01,9.799318802672728479e-01,1.639992167072628293e+00,-1.545041990049565328e+00,1.688475946757407087e+00,-1.566502231929208566e+00,-2.107983856166905312e+00,-1.600658745732832733e+00,3.455602751529857075e-02,3.909800137568370526e-01,-1.653297194414594440e+00,-1.115251605848756933e+00,5.139627917450586558e-01,-1.077199550222013968e+00,7.645604039259927820e-01,8.395818587853720594e-02
5.317608683398256098e-01,8.625461537856353444e-02,8.240572749664351049e-01,-3.484715850384229596e-01,-7.703201790472613553e-01,-1.510856190279266098e+00,-1.150334366126794627e+00,1.615590340584377671e+00,1.219721955609282649e+00,1.551147503486654422e+00,-3.807084436323346366e-01,1.395493296916470616e+00,-7.698477673239209063e-01,4.612511357288764935e-01,1.573480408892486138e-01,-1.005437296248663737e+00,5.092370760812829911e-01,1.800461952529363252e+00,-6.367437652255460989e-01,-9.538044479613559945e-01
-1.489126794671145726e+00,6.534694924246337022e-02,6.942920338316048712e-01,1.805688505166832103e+00,2.479886224302730313e-01,1.597660126734237851e+00,-1.071154596070461817e+00,-1.319088938678626644e+00,-3.112829263327767659e-01,8.378678320359513876e-01,-3.860057439787830669e-01,3.032260571383980974e+00,1.638010155741020935e+00,-1.941883426429330817e-01,2.339463860758697333e-01,-2.700445983356158930e-01,-2.281069672544385973e+00,-1.000054273977110109e+00,-6.820554253705002345e-01,-9.995070435778805606e-01
7.106944780709241183e-01,-6.215624143527586076e-01,6.263195206820452166e-01,-1.490720123015745191e-01,-1.048532197618786466e+00,-3.102624518831142542e+00,3.076024961113514866e-01,2.282087303158268021e+00,1.599222857679218679e+00,-2.547431783767900360e+00,-1.713747536826976336e+00,1.915307267702985650e+00,1.406994716082777153e+00,-6.948408625381983228e-01,3.292971463482529337e+00,-2.699342626783360899e-01,-3.242312801321982185e+00,-2.558745975730010169e-01,4.684050423818851838e-01,-4.821335148061359765e-01
-3.111538178482340378e-01,4.080565455275961817e-01,2.138224785551028073e-02,1.390985043950433153e-01,1.451916074532664469e+00,6.291419165254018564e-01,-7.318007344583172813e-01,5.221745288594237255e-02,-1.073728085704003909e+00,1.090060525615201614e+00,4.867599901834680082e-02,2.894023447024400397e+00,-2.803903333921424768e-01,-2.107552505504303383e-02,-9.668760262828848262e-01,1.012898292159542191e+00,1.428008756888093256e+00,-1.425957554171793096e-01,-6.917472160231463718e-02,-4.262501443972581683e-01
1.092365575859720161e+00,2.498607707808093159e-01,-2.279510589247074392e+00,7.205385987053680719e-01,2.617327482018663165e+00,1.302967918745860931e-01,-2.187708763640117571e+00,1.348357138545040801e+00,-5.128022846629475495e+00,1.362955301380335271e-01,1.881243608367235476e+00,6.179156666649148200e+00,-5.146907822416005307e-02,5.668174023298084840e-01,6.161159647033267461e-01,-2.114988813321708072e+00,-1.466871856119708717e+00,1.458332125267733925e+00,-1.768048752434858706e+00,-4.637618021843683991e+00
-9.835676634840256893e-01,-2.283245249137951793e-01,-2.897041580527674465e-01,-3.256382464875773763e+00,5.278513296069260452e-01,-9.694631000957745215e-01,2.860653560329307510e+00,-5.077950736513986429e-02,1.042900675609338190e+00,5.378423005313234251e-01,1.650322766932942775e+00,-1.317898906184263641e+00,5.413725190383743557e-01,-2.654558949378359525e-02,1.038052468677918228e+00,-2.111905917839181690e+00,-8.539079619614554639e-01,-2.458490477636161298e-01,1.141095086626110700e+00,-2.578419823234541219e+00
2.370293504151510522e+00,-1.759960501264198784e+00,9.309555316223586674e-01,4.600555345670535701e+00,3.607685010222816402e-01,7.407548121434972543e+00,-5.611401461247579547e+00,-4.125473340821928403e+00,-8.958463765956636848e+00,1.965679275209995636e+00,2.108310176069682074e-01,1.954422449663086869e+00,3.010897792713309595e+00,2.462993165647088478e+00,3.458002712234827802e-01,9.917585788271090497e-01,-3.756781157762115964e+00,3.399059017892014367e+00,-4.842161148698235884e+00,3.988846872718103675e-01
-4.522124498333017328e+00,-7.672593987474728428e-01,1.597096367061900946e+00,-4.293208849403617577e+00,-1.059427705747140847e+00,-1.495223851870798093e+00,7.166890773164992900e+00,-2.367984957368683752e+00,4.799776799951745332e+00,-1.535390213208606358e+00,-2.349149843660574444e+00,-1.929746391136795136e-01,2.070139193643558695e+00,-1.098547515752360759e+00,2.807522040310798106e-01,1.167605649590410133e+00,-2.832061447396880816e+00,-3.404368324893438658e+00,4.523053401761453429e+00,-4.681697086888438886e-01
-1.937800717633078040e-01,-5.478045073503641227e-01,-7.335131661901774791e-01,-1.708413349302507989e+00,-4.747870563639779995e-01,1.456859095326543674e-01,1.649323555914888439e+00,-2.043254672239904757e+00,1.459163145901270608e+00,-6.144313134746436367e-01,1.418478657015814992e+00,-8.216784662422735863e-01,1.696730153455537904e+00,-1.029503687327412154e+00,1.000188018119862798e+00,-1.196452926065795674e+00,-2.601960708081260787e+00,-1.055522675060402538e+00,1.940393936096190819e+00,-2.343582321580623962e+00
-8.315870997000982534e-01,2.408795695999644271e-01,6.334532476474652452e-01,-3.426711108676417261e+00,-1.836246718987642357e+00,-4.304994414618762200e+00,5.095778417809787797e+00,1.228340419732086630e+00,7.769478865098499831e+00,-9.329266089758052605e-01,3.023095953050070062e-01,-1.725699815001295212e+00,-3.127433750596716466e-01,-5.466623075184776637e-01,6.868651084620839287e-01,-1.903899717029247096e+00,7.230824866286034158e-02,-1.662575487323639800e+00,3.201772248904948270e+00,-9.600378815490697715e-01
1.606597558406015480e+00,-7.463968913727545562e-01,-9.943993367264898353e-01,3.253029097909561074e+00,9.078128707043087164e-01,-4.843921038544550584e+00,-1.177377938190080631e+00,4.293042702183483605e+00,-1.250753589394260068e-01,1.875280806271769407e+00,-1.735393962882468832e-01,6.234318682676134316e-01,-8.055474530163553304e-01,7.415241171336224568e-02,1.340131656983416075e+00,6.460415049475233262e-01,3.506834263061280321e+00,7.497840020917959647e-01,-1.161472313356737285e+00,9.328786628024448024e-01
1.815852086070491866e+00,7.689854061373398997e-01,6.997134796787912725e-01,1.562331605740928220e+00,-6.333628858864589484e-01,-4.187083603419262112e-01,-2.967294861384360161e+00,1.743891725469888909e+00,-1.946475312185604434e+00,2.463926529512624253e+00,1.155690576752537613e+00,6.026413054853057005e-01,-2.087772681126498497e+00,-8.193587027130447842e-01,-5.512042117018217668e-01,-3.359419640997304279e-01,4.180901142487195798e+00,1.668234709895035195e+00,-2.214451683361027268e+00,5.688020999608434103e-01
-1.857839152203075272e+00,-1.291261374179996757e+00,-7.635561520765469234e-01,-2.124496808576325613e+00,-2.650406226691534028e-01,1.584317323926146104e+00,3.357942101563218706e+00,-4.332426610392251298e+00,2.646305531494951069e+00,-2.105074578062498813e-01,1.326720958694993513e-02,-3.605002726158193838e+00,1.983876275268391609e+00,-2.342291977570645084e-02,-5.937303005041917325e-01,-1.030240890956519939e+00,-4.061608172612944045e+00,-4.214668668421865938e-01,9.100787831450297682e-01,-1.640405482240030466e+00
1.507142519234940359e+00,3.451756775170233826e-01,-1.224453098243442950e+00,2.970968220699184315e+00,2.423978689244663531e+00,-5.449105505534962424e-02,-3.484290619153613378e+00,2.577447700542796927e+00,-5.849010649448860732e+00,-2.952362437727451550e-02,1.480976392952840781e-01,5.912579584319416881e+00,-2.030726272616174555e+00,1.469545401603961743e+00,-3.779072869579222504e-01,-1.204367582709963580e+00,3.992596159685549928e+00,1.632910473032612275e+00,-2.807106194186647752e+00,-5.163726313065366558e-01
-3.295380012431196048e-01,-3.104722508125388192e-01,-1.018607839352220434e+00,-6.379588170040140227e-02,2.762966581123628806e+00,-1.484163164078970532e+00,1.562216488445866691e-01,1.762898593517439272e+00,-2.492971987583842974e+00,4.802083896160612708e-01,1.496967702059179395e+00,2.499027464364777629e+00,4.275839304282550435e-01,6.865349792983893584e-01,1.730776800964109796e+00,-7.587679987848474639e-01,-1.285223402911914725e+00,2.096597739773627955e-01,-1.098340941041952679e+00,-9.944115617277169417e-01
2.223703453703827826e+00,-1.386022521227670445e+00,7.355214978900205258e-01,3.171122371555861186e+00,-2.973557617122936758e+00,4.109798964022966850e+00,-3.719214006685790608e+00,-1.846171170329959255e+00,-3.548360146618623201e-01,3.509960767894635403e+00,-2.481944982425916990e+00,-4.754402192524186610e+00,6.901232343796823709e-01,3.939008667801581209e-01,-5.695574378464036691e-01,9.145951226483326479e-01,-8.208455987732983239e-01,2.251382197076378766e+00,-3.104151744505257771e+00,2.312208015630424551e+00
-3.912993445284225658e+00,3.649156329761522599e-01,-1.664690948973032603e+00,-5.486033202621031890e+00,9.001617331792599597e-01,-1.079182357906902823e+01,9.606584777139540066e+00,3.311276684442209906e+00,7.138015823243684110e+00,-2.160415765426265011e+00,2.338326962850383772e+00,-5.655435165177712387e-01,-1.506247654542819392e+00,-1.894870015978987299e+00,3.577374184474928914e-02,-1.045854194749006982e+00,1.448141730548555106e+00,-3.694332247929327018e+00,5.621214660754721315e+00,-9.397549790628365596e-01
-1.614540664500571543e+00,-1.542263099674088395e-02,-6.203999479635836645e-01,-3.034404343319070385e+00,-5.316402369311881149e-01,-4.557356468004226002e+00,3.897175109149720207e+00,9.989375090212648800e-01,4.223758865109607186e+00,1.153647170682448042e+00,1.390466272362518296e+00,9.301904763462278680e-01,4.072344009234116213e-01,-2.739222913680188776e-01,9.166466351388149469e-01,-1.936421645025145910e+00,-1.670771885926134015e+00,-5.575729810428919908e-02,2.453323029951594680e+00,-2.265476205395680953e+00
-2.316425732517046754e-02,-1.865815890851270920e-01,1.610808570028869902e-01,-1.302553577442853161e-01,3.707009292429787606e-01,1.799224511135431470e+00,-1.961858923295246804e+00,-3.883602005771339405e-01,-1.343393596682300739e+00,-1.416907711041951901e+00,1.401493582690485351e-01,-3.947455394608218704e+00,-8.523642727723395041e-01,9.202250765203312532e-01,-2.088435958084693844e+00,1.380763113096041605e+00,9.864600795302321812e-01,6.898540619015219866e-01,4.487735506638972360e-01,2.413353453100301138e+00
-2.096630886798310112e+00,-1.918556599075003977e+00,-2.016201726673671202e-01,-1.352074558818093797e+00,1.735282899758270325e-01,4.087440616052426812e+00,7.858437889557658984e-01,-4.041751740188077591e+00,2.730111380540207744e+00,-1.050460963087738175e-01,1.751084284460598495e+00,-3.261490430810353836e+00,3.084018266422510202e+00,2.676648108456758379e-01,-2.803550020651129349e-01,9.416172233097003241e-01,-5.211636893862122477e+00,-8.306011405324273955e-01,1.683179892683585699e+00,-2.726209219589210697e-01
1.403310596773741814e+00,-1.882414313500133107e-02,-1.178090033952350346e-01,-5.448888205814219621e-01,-1.286278924954096903e+00,2.867130371423964874e-01,-2.672759951882272222e+00,-6.622264841834453464e-02,-1.858667588115718639e+00,2.422841721291871586e+00,1.011037090683519102e+00,2.164265389218239743e+00,6.781663468413778872e-01,5.332440136805294273e-01,8.466484051615729145e-01,1.097889429558715602e+00,-1.204776852889758443e+00,1.577131825379577412e+00,-1.901036168520016778e+00,-1.024603156936855664e+00
-2.654052314286775349e+00,-4.454834825331414200e-02,-3.218207872148411419e-01,-1.440285792624591998e+00,1.008553173514993073e+00,-5.240167305421027599e+00,3.883027343717968094e+00,2.395373645150159270e+00,2.520503095823721118e+00,1.308208071757014590e+00,-4.085159407809649257e-01,-1.564780679290423748e+00,1.504031386717182561e-01,4.546621113727585262e-01,1.252626445139374711e+00,3.827484616600730916e-01,3.967320445765700199e-01,9.851097049982959764e-02,1.957763923310386733e+00,9.622553123914674433e-01
3.962156916400392692e+00,1.069300156775364163e+00,4.503962185422854536e-01,3.775434572136639133e+00,1.707806734638208424e+00,2.303326193970391067e+00,-7.166414451041879019e+00,3.764710575649066637e+00,-8.628578546183629072e+00,2.417440827085106658e+00,3.043243375782520577e-01,7.403207559024269635e+00,-2.007206866241441290e+00,2.195258472382354498e+00,6.378221885235081656e-02,-1.308752296675529170e+00,2.637399721604062997e+00,3.326740701694002045e+00,-5.240257173541320590e+00,-8.436401379007948398e-01
-1.593425161403032142e+00,-2.038898487510900082e-01,1.892344500720786415e+00,-4.663798640834646569e+00,-3.054580853914287131e-01,2.169727967465904683e+00,2.049232053872624970e+00,-4.084244668232023479e+00,3.817165852811818638e+00,-3.250800688921940407e-01,-2.667941978007991821e+00,-5.503682079661944115e+00,2.065841151624498995e+00,-4.974080211298641530e-01,-9.281522378923466876e-01,-1.290118730976643480e-01,-3.376637213177218655e+00,-1.128331319929806398e+00,2.622635040990940247e+00,8.798857063287104929e-03
9.843785498499516562e-01,1.948960245687015203e+00,-1.432986841821523583e-01,3.821150793637997367e-01,5.757260880276882098e-01,-4.231578420564803267e+00,-3.194084451366838717e-01,2.987147676070621038e+00,-2.926144286451878518e+00,-1.654644237148562569e-01,-3.405938181241319751e-01,4.456990657232749342e+00,-1.928130878887259092e+00,5.900221111095805410e-02,5.688276465884685162e-01,-3.738971765719705798e-01,3.104201742784355122e+00,3.421792497540944167e-01,-1.182017001493230524e+00,1.385441806835490119e+00
-1.394764931767664695e+00,3.250476236769784255e-01,2.087987409750732826e-01,-5.051227843550130103e+00,-1.261766296843391366e+00,1.768106306142667727e-01,5.209157980801156995e+00,-3.281567978040187405e+00,5.703339233350341431e+00,-2.240272718283534470e+00,6.868109450081844036e-02,-4.374339289091111027e+00,2.056406129925131054e+00,-1.837735897583638423e+00,-6.756979987756487338e-01,-4.090342228882442588e-01,-3.771621832835934551e+00,-2.588360422066981581e+00,3.478355665937086894e+00,-1.645553638136941554e+00
2.329789458380391309e-01,-2.006830923497890495e+00,6.742614075430682918e-01,-3.470710401087540031e-01,-3.781316348218083379e-01,5.361408043806684454e+00,-1.117963052107452171e+00,-3.290349251449360857e+00,-2.071973363922015032e+00,1.506803944426908126e+00,-1.417660906222557027e-01,-5.210192974371413044e+00,1.530738570784240915e+00,-5.057395146529151120e-01,3.189675224837372758e-01,-7.454898784324874850e-01,-3.412743001778857810e+00,1.768883682397540902e+00,-1.751483723497468725e+00,2.563661863394006701e-02
-1.845514976674995866e+00,9.768582946558644897e-01,1.133985960516617375e+00,-3.904658568962788845e+00,-3.733957613072362292e-01,-4.163948743189743951e+00,3.112973886858475758e+00,2.935428540802145214e+00,5.852238039166192785e+00,-2.149797845739797264e+00,-1.320389736329852903e+00,-1.431273652438266097e+00,-1.774686018400505549e+00,-1.503108298781736352e+00,3.933828630056464548e-01,1.004664763779890224e+00,9.689537326336765677e-01,-2.377230723235670418e+00,3.325248193703377986e+00,8.312581864054133796e-01
1.497387407131523629e+00,-1.260627867397742019e+00,3.269576168935273142e-01,2.436758393711818016e+00,-2.601173124080140564e+00,5.490187951803512156e+00,-1.647764428293596373e+00,-4.899700767683903280e+00,-2.524403209180875685e+00,2.985132736025818190e+00,-6.027025839473800772e-01,-3.568340043075715506e+00,1.447940544957722508e+00,5.080788737787954590e-01,-1.918286137397361868e+00,-8.500836605232490323e-03,-2.706196809070249287e+00,1.291010493572129603e+00,-2.224617269651667506e+00,1.175189806472142356e-01
-2.463313556455426934e+00,-8.027291791066358817e-01,-3.557867764407184330e-01,-1.501723891449481485e+00,1.113691798224236473e+00,-2.089608500988553441e+00,2.030885524548674326e+00,2.940912814395353347e-01,1.151220896615677614e+00,-8.077298846452924952e-01,9.421685586350854180e-01,-4.191245201297773559e-01,1.037018927427751702e+00,-8.693980359483386433e-01,1.082824014008999525e+00,-1.250452688682534452e+00,-5.748882594953365066e-01,-7.183452649717851912e-01,1.604854353130321432e+00,-5.096559884338216495e-01
-9.503691267870179038e-01,-3.433745521139461299e-02,-5.243300696860447863e-02,-6.443828494402131790e-01,-1.197380526317753491e+00,-9.947387620102572381e-01,2.950101493373761263e-01,1.628782149095734155e+00,1.692857012618806944e+00,1.193719033573085175e+00,-1.345160428430216104e+00,8.625694071054534895e-02,-9.286423925113037603e-01,6.500100797132492003e-01,-1.898713576709212536e-01,-5.205965195470237949e-01,1.068492524095393525e+00,-4.977867895403109699e-02,4.737217237901303335e-01,-1.509615772696811131e+00
-1.601007245022670888e-01,7.998196627884353038e-01,1.720824942669589408e+00,6.788066252992341898e-02,-4.447840898306305579e-01,1.204220176466086700e+00,-1.980097640653870616e-01,-1.797644269274600859e-01,2.656621487313042262e-01,-1.891597849632731920e+00,-3.409937125565716265e-01,-7.350215627150147313e-02,-6.959441212354955386e-02,5.934003973286225420e-02,5.763905301840234197e-01,-5.658296827601813073e-01,1.545974721356056847e+00,-7.013132553837044814e-01,8.375174123179852659e-01,-4.973293890059728994e-01
3.131564371340783026e+00,2.062774758818701315e+00,-1.272698980509334499e+00,1.513143774352229354e+00,-4.715243225560397100e-01,1.596897831758544994e-01,-3.532368481818019212e+00,1.999227394583220629e+00,-5.740671495463576690e+00,2.435075218223853089e+00,1.160002163143465381e+00,4.353506571429618610e+00,-1.632220731689858484e+00,2.170059327709680908e+00,-3.631947791127343450e-01,2.343861847085728201e+00,2.251946340633609100e+00,2.550009677539133435e+00,-3.107824973263595414e+00,2.615462336255919507e+00
-3.135747277107468811e+00,-1.231838742465349190e+00,-1.594470423347059018e+00,-1.224110389355477890e+00,1.068289274324094817e+00,5.192640571445487074e-01,5.180013642574501809e+00,-3.869243342044926148e+00,4.679172796499787346e+00,-1.059383419075824007e+00,2.513794223970666764e+00,-7.344242323685746143e+00,9.893099110505169103e-01,-9.700940486001755625e-01,-1.117392430384856139e+00,-4.453372812438872730e-01,-2.658910334232858830e+00,-9.939519221746179189e-01,3.047543206210716171e+00,1.628243859209298927e+00
1.995500473207120207e-01,-4.228217936210287298e-01,8.725624180054908363e-02,1.877866010712495370e+00,2.450635934136236038e-01,-1.241703207418050292e+00,-1.222530440401845997e+00,2.040442517075376383e+00,-2.620390360653667372e+00,-2.929314980334633001e-01,-2.484706805966530596e-01,2.045035726300431733e+00,-1.865542272617561004e+00,2.823494617813440133e-01,-3.571086329749003085e-01,-5.114206211213159214e-01,2.901543400568026509e+00,7.688336035636478272e-01,-1.391310892552269252e+00,-1.656237171089657734e+00
-2.283573966461571736e-01,2.709059936861786255e-01,-1.270318165284424650e+00,2.730471770216584826e+00,3.065799546593495517e+00,9.749080240013602294e-01,-3.129396080756565168e-01,-1.628191203381222474e+00,-2.456776942916491624e+00,2.310739667913077333e-01,1.697395833314434110e+00,8.029282171436020743e-01,8.590900578891225159e-01,-5.515934689899869570e-01,1.076514890614376219e+00,5.787892607778464260e-01,-3.727759419424591769e+00,-1.008457999421470408e-01,-8.645089632727032125e-01,5.503595729146164572e-01
2.798691722281382521e+00,-1.155727033634312173e+00,3.507718544731360244e-01,1.606237692881518297e+00,-2.247052435207419929e+00,5.295753936827908070e+00,-5.432416030155492237e+00,-2.083842169228639740e+00,-4.588404694006597673e+00,8.057791619040535203e-01,7.348640398626269388e-01,2.028951160778516893e+00,9.919757818379555392e-01,1.023163295921421634e+00,-2.640849352072889844e-01,9.646319421612113976e-01,-9.773751402539490041e-01,1.536172720162482852e+00,-2.775585135817072224e+00,-2.990448712503539053e+00
-1.569071289258174406e+00,1.135535336889263336e+00,-1.406959903031248238e-01,-4.250977490821830074e+00,-8.776394988317366697e-02,-1.807830648587470446e+00,3.256830864064518494e+00,8.278154841204006242e-01,4.279115235953711682e+00,-6.629890193701946099e-01,1.380347540126928507e+00,-6.025961856710672082e-01,-3.639863918573020829e-01,-7.659085389634376906e-01,4.525009021288883271e-01,6.653684147297816986e-01,1.879310534494360807e+00,-1.203539903902429709e+00,3.621464124008183738e+00,-1.152059900572065754e+00
-1.373723475769880742e-01,-4.798197372808443717e-01,1.681605301889793846e+00,-2.675351258989924652e+00,5.307920000235861746e-01,-3.960657792474442829e+00,6.780330609538202102e-01,1.458797046878277603e+00,3.195650929374848292e+00,1.765006994530970319e+00,-3.923761016891995634e-01,-1.156381007211128020e-01,8.343651358461146028e-01,-1.268534275791400323e-01,1.391385379712912318e+00,-8.876965994451162523e-01,5.913566262423755049e-01,-5.970791766310298287e-01,8.482370505588617826e-01,-1.131934618152107497e+00
1.488958105140477439e+00,6.033575561539898935e-01,2.306483109832748291e+00,2.554731026911840619e+00,-1.363405504301324900e+00,3.264893446283732459e+00,-3.970666286551344015e+00,-5.317095586860376422e-01,-1.420095560221344533e+00,2.756238764443553979e+00,-6.969256087303949965e-01,-1.708802910781977769e+00,-1.266351910299384764e-01,-5.657226223507151319e-01,-2.165825576104471739e-01,-3.262353669061522632e-02,1.081515298522941926e+00,2.056444892485861153e+00,-3.090940478140778325e+00,-1.167186445282091950e-01
5.154887219802605225e-01,-1.750294042488173218e+00,6.777168970545505156e-02,-4.650490709276691170e-01,5.475926381682610922e-01,1.026468431472862930e+00,-8.025032062267631883e-01,-1.701742832062977717e+00,-3.838983850905921091e+00,3.019676046159156524e-01,-5.382741070888225066e-01,-8.265565503316740781e-01,8.396212895755832406e-01,-1.739549023109390469e-01,-5.688157093733841457e-02,-1.405081519942030566e+00,-2.233364199048854193e+00,6.940173984786369710e-01,-1.301846301682069384e+00,-1.460772547542280808e+00
-9.844277615864552855e-01,-1.525699189869798245e+00,-1.253970610931793628e+00,1.173431908450771388e+00,2.422010736754653060e+00,1.740428107442870687e-01,3.703601542124156931e-01,-1.684819207217147286e+00,-2.986168710326103870e+00,1.653124911786449935e-01,3.063621455027973450e+00,3.763870163528704182e-02,8.036158212771939979e-01,-3.063142030751273004e-01,-8.324820084543140819e-01,-1.841107566302436993e+00,-2.488138787363051829e+00,-1.053716158960721572e+00,2.860640331148611715e-01,-1.530749319026719402e+00
1.509315267362756341e+00,-1.079727933458217493e+00,2.410285071616632635e+00,-1.319321437440195366e+00,6.162576365986243143e-01,1.297389930867109298e+00,-2.458030600840261037e+00,3.152124606223161152e-03,7.773613343501706296e-02,7.474294036571293987e-01,-2.974704531472558866e+00,-1.349268302641650541e+00,6.972472416772672599e-01,8.831350860571129946e-01,2.551154160148891847e-01,-3.207143427991127616e-01,5.591492762471097500e-01,1.149667695424198000e+00,-3.541498496022206233e-01,4.803023392830518823e-02
-2.017807212378963211e+00,3.253731596224006539e-01,-2.066348526540567665e+00,-1.240209878325968962e+00,1.299917114486636827e+00,2.515474380707749535e-01,1.817207537456574373e+00,-5.661253712090070778e-01,-2.169648198316748433e-01,-1.303153095961155694e+00,2.369738164997480911e+00,-2.621550365602881350e+00,-1.555770334782439424e+00,-1.507542511089942527e+00,-1.300038278797338798e+00,2.330234668433295575e-01,1.887155998048868799e+00,-6.113936440483651591e-01,6.177204397354658649e-01,3.458454011335874156e-01
-3.438279851724646452e+00,-2.386616413163821504e-01,6.109834161012060033e-02,-5.972747323742457759e+00,-3.144042577256797033e-01,-4.021745576970031877e+00,6.325388057692276078e+00,-9.450560175376414573e-01,7.082998407601165169e+00,-3.208058759206610766e+00,2.526931550119507902e-02,-2.750545815657734483e+00,-1.117680857818217355e-01,-8.495267963752020091e-01,-1.257592465914890489e+00,1.384313042386765280e-01,-4.815657566224898489e-01,-3.113218548348489101e+00,5.682472493524189261e+00,-8.150306364365420553e-01
-9.675369135883069571e-01,-9.487199180770738982e-01,-8.234846147749830259e-01,-6.212816896810063882e-01,-8.521246970241299623e-01,3.382595148181002820e+00,1.882329194631437996e+00,-5.820431926962365665e+00,3.460742972661537742e+00,-9.476988258440480761e-01,-3.228156282432493862e-01,-9.539237168433308156e+00,2.200146280409946531e+00,1.083543493114119509e-02,-2.134355853247298374e+00,-6.697588424477489699e-01,-3.739579190419177301e+00,1.778063859651178857e-01,6.536241463658636341e-01,-1.162154509840621630e-01
-4.822232342368011349e-01,-2.560252444304498831e-01,1.101083218747579417e+00,2.876233203153387485e+00,-1.341429914185869432e+00,3.117158994222608115e+00,3.457985200634627887e-02,-4.456648837234727267e+00,-5.002592399948239121e-01,2.916582074298093907e+00,-2.398722050881333612e+00,-3.341121213535633849e+00,9.544386817101500053e-01,7.427359422258993371e-01,-1.147220988745699666e+00,-2.142057788389598594e-01,-1.878881191015068230e+00,1.257084848027730350e+00,-1.886279041749562069e+00,-1.326191352801067147e+00
-1.534524911102478351e+00,-6.682133294422559766e-01,-6.608405510755037682e-01,-1.374272918139122668e+00,6.757120127678220012e-01,4.346991349818190464e+00,3.659010023215121254e+00,-5.310755227932296485e+00,3.012738861917071631e+00,-3.949681126583538315e+00,-7.441155481378247671e-03,-3.219945086624835806e+00,3.070180702903639869e+00,-5.172495083298600527e-02,6.044670873408840572e-01,-1.078974239372378768e-02,-3.489558633012250777e+00,-2.112885523904472151e+00,2.996647085550858680e+00,-2.857310126739178724e-01
-1.775707902412759331e+00,5.832244466407607852e-01,-3.157286902266146500e-01,-1.906846484996893132e+00,-3.470404604058490161e-01,-1.646129517481288662e+00,4.154632961053929208e+00,-1.186428027344870184e+00,2.793660346002926786e+00,-1.588871329047998993e+00,5.071552309738902586e-01,-3.985391252244799842e-01,6.004229734096475646e-01,-1.085129569891011059e+00,-5.589498713216642933e-01,-1.133342585716105688e+00,7.846715686322951466e-01,-1.728339199711941054e+00,2.472316216055785443e+00,-1.924079031408748364e+00
-1.190491923161049792e+00,1.268153390394332503e+00,1.455212497516687575e+00,-1.698047361139531919e+00,8.540894236389681149e-01,-5.258627526450702305e+00,-8.555260272498714791e-01,5.923686561248791449e+00,1.082983509079964435e+00,-8.260989827944503761e-02,6.328379273198543320e-01,4.666562136498455082e+00,-1.853983280647735654e+00,8.931558949483400234e-01,2.846451113732473281e+00,2.733077012815289808e-01,2.602510325482140452e+00,2.535528824319915886e-01,1.089212615196724743e+00,2.570047812745014371e-01
-6.302231304362668762e-01,3.654165469350817985e-01,-7.028392318909123526e-01,7.028475394469912985e-01,-4.130881271030066304e-01,-2.253923702966693199e+00,-6.233933715701291955e-01,2.637867309067311705e+00,-2.223394365133487760e+00,-6.464348999041144017e-01,1.764419723148870078e+00,2.386120005734447602e+00,-1.843157857989688342e+00,1.342709467936572913e-02,-3.018904987277218899e-01,4.097824213877422905e-01,1.945223910609127138e+00,-6.266100117282075166e-01,-1.207185410560301708e+00,-7.817986964237539915e-01
1.930563690712416625e+00,-1.878681546243937961e-01,-1.034353001556947094e+00,3.526518652080685268e+00,1.023510640363020974e+00,5.845552954670526269e+00,-4.689425302318574573e+00,-2.239771731750108685e+00,-6.234680612718675796e+00,1.223756187055400568e+00,3.813652087437612304e-01,1.038164418507539377e+00,1.356894078105508994e+00,1.790123258405749596e+00,2.941347834978981224e-01,-1.159602067979760065e+00,-2.124876149082007615e+00,2.545347677776006456e+00,-3.121644279785709131e+00,-6.625536163399512457e-01
3.543775015327366162e-02,-2.665877155086495143e-01,-9.340044453092456456e-01,2.768790813728189359e+00,1.161167230032370767e+00,1.880765662142528605e+00,-1.791991658604546789e+00,-5.598339571465110742e-02,-4.118620151757391490e+00,-7.188565013650939362e-01,1.325735597496131568e+00,6.050971219499379217e-02,5.281988908175885289e-01,1.078913069436703065e+00,6.145816532115937481e-01,-1.083584540283087039e+00,-1.379015822300719840e+00,8.014255664938720880e-01,-1.966628058527787104e+00,-5.725110808247602101e-02
1.129576991344836578e+00,-9.026399392688315704e-01,8.173821725168812780e-01,-2.186646298871237626e-01,9.112168831007187997e-01,8.917569413067038653e+00,-1.787855356855625466e+00,-6.573262548147312145e+00,-2.065313963221122595e+00,1.412937208577645265e+00,-1.585936024402605726e+00,-4.365415855959710711e+00,2.980310818932948802e+00,1.417786978240620055e+00,-7.160793101178166697e-01,1.164851749414564708e+00,-4.615459215488272093e+00,9.145771395269715054e-01,-9.138627306162456776e-01,2.089273899384768818e+00
1.430855294322435078e-01,-7.235494948138923021e-01,-3.784553818587123586e-01,-2.445559807717955447e+00,1.413335068790276816e+00,-1.353488769997692964e+00,4.764141301241572535e+00,-1.267627567735405858e+00,1.019488080898535154e+00,-2.163633474463138917e+00,-9.887405211551019146e-01,-9.709298931949561506e-01,1.608160952585139469e+00,-6.077730559173132319e-01,2.407916502230575961e+00,-3.030993906061149254e-02,-2.380826157939523569e+00,-1.388078901435332302e+00,2.370024430968606488e+00,4.049417997640221700e-01
2.913308513627295593e+00,-2.600129973074407630e+00,-1.215241419001949374e+00,4.192544727889916167e+00,7.897557808549809932e-01,6.434008622817918521e+00,-6.168211284223751534e+00,-2.206038006257238226e+00,-3.955726482520366183e+00,2.295504135229884390e-01,-1.262914676424317317e+00,-5.483140755266227018e+00,7.575140227195880094e-01,6.001510767466112783e-01,2.884090601496525075e-01,1.621674010465069760e+00,-8.536015595260085798e-01,1.854707923965770666e+00,-3.326385139065675567e+00,1.993096917012219249e+00
2.829576518645177341e+00,-6.354577554879460299e-01,5.371764215149105182e-01,2.456660392554061545e+00,1.206448741257019730e+00,2.924813652092746352e+00,-3.701757161059620493e+00,-2.204673821282836954e+00,-5.788573802918277167e+00,2.716893412495460680e+00,7.273300692559483416e-01,-4.936071102022887569e-01,-5.184019902597083451e-01,9.534993305589649637e-01,-7.084322557340416715e-01,2.068906645559759061e-01,1.853715426658555376e+00,2.147203383240269492e+00,-3.040260947961191729e+00,6.252904991835616100e-01
4.563122551573995933e-01,2.102136381775308593e-01,2.333909345141526592e-01,3.051895198887008553e-02,-4.613626729607946952e-01,-1.489748086110145087e+00,1.645785279800900058e+00,4.394855755021476185e-02,2.520275050875061318e+00,4.955730941479075113e-02,-2.472057423901636297e-01,-1.918602355376763713e+00,-6.344800298030216501e-01,-2.700477350185170877e-01,1.434044274556652843e-01,1.953297126602977052e+00,9.632611977968990047e-01,-3.966299060459496095e-01,2.871926915448108630e-01,2.489049076675104999e+00
-1.088057745290640144e+00,-3.082728064481037866e-01,1.797545070298596670e+00,-9.700834844248287236e-01,-1.731703282257551546e+00,6.545436498754451105e-01,-3.669791260487680340e-01,-6.324873277177419650e-01,4.577016317060648709e-01,-2.969488416303495693e-01,-9.896557121846079053e-01,-2.917389135755905194e+00,2.368518364491712103e-01,-4.979087526956989529e-01,-4.179558750175313975e-01,1.235749447628552156e-01,-9.348292837810363576e-01,3.604528997136231538e-01,-7.253729919551579197e-01,8.476468829621914836e-01
-2.621581405260691167e+00,2.370337071151233654e-01,-1.933826785039385099e+00,-1.066268188718537679e-01,1.183755452353371318e+00,-2.714121040299137366e+00,4.382668848731750444e+00,-5.062451816961008877e-01,-3.757612419442015184e-01,6.077677010343423003e-01,1.412414998598137572e+00,1.837652070645370284e+00,5.477580053412259842e-01,5.901994908436695164e-01,-5.847924220116175187e-01,-1.931767937075497210e+00,-4.258711473451334828e-01,-4.571335095881768895e-01,7.991896730640121183e-01,-9.298557427869040826e-01
3.038327586416152748e+00,9.363062199271227071e-01,-8.248546973457052678e-01,2.014776719839801000e+00,1.627333486679675367e+00,3.242772706254363868e+00,-3.742512547870495254e+00,1.050127731622304994e+00,-5.572147096935715638e+00,7.855607250339853298e-01,1.941816082045368042e+00,2.322485472831055553e+00,-8.336273671852325595e-01,1.303221868709147913e+00,1.306787966376257160e+00,-5.195750680800480525e-01,2.854548324213875832e-01,3.145283344250404234e+00,-2.741266928087852772e+00,-3.511116881624701813e-01
-1.054375981344859214e+00,-1.288364010097884371e+00,4.627290863021842893e-01,-1.774247382416610730e+00,-5.922948795212378270e-01,3.700322039017907017e+00,3.767223829916472866e-01,-3.724203238951244277e+00,9.888482264029484492e-01,-1.845555325933409652e+00,3.224049310447842376e-01,-2.274933136590144400e+00,2.441575895263213614e+00,-1.105092224191670525e+00,-3.714923174788686833e-01,-3.513784600926815327e-01,-3.193808364438013303e+00,-5.959094101920826558e-01,9.477286889701246331e-01,-7.402237473920332267e-01
4.299789210550398755e-01,4.580155504279300183e-01,6.076138585501775768e-01,1.470838873959223969e+00,1.028872182153761417e+00,-2.042559413587530681e+00,-1.364929830672280797e+00,5.440208318000444576e-01,-2.046478619070792870e+00,3.605094152884181224e-01,7.975830185411958428e-02,-1.565505414764746472e+00,-2.077689437756103707e+00,3.588801958567696977e-03,-1.775710892279341868e+00,5.130335495062976481e-01,3.487326282085826623e+00,2.746440533210990353e-01,-9.490970521772466029e-01,1.838997639385440586e+00
